C(%) Mn(%) Si(%) S(%) P(%) Ti(ppm) B(ppm) Al(ppm) N(ppm) O(ppm) Cr(%) Ni(%) Mo(%) V(ppm) Cu(%) Nb(ppm) Temp(Curve) Predicted Pred-err Pred+err
0.0689000 1.2086000 0.3643000 0.0065000 0.0085000 250 5 20 55 392.3002930 0.1049000 0.3650000 0.0364000 33.1957016 0.0812000 16.1662006 -120.0 5.001578 -4.090704 14.093853
0.0689000 1.2086000 0.3643000 0.0065000 0.0085000 250 5 20 55 392.3002930 0.1049000 0.3650000 0.0364000 33.1957016 0.0812000 16.1662006 -115.0 4.697572 -3.865084 13.259985
0.0689000 1.2086000 0.3643000 0.0065000 0.0085000 250 5 20 55 392.3002930 0.1049000 0.3650000 0.0364000 33.1957016 0.0812000 16.1662006 -110.0 4.944695 -3.648068 13.537459
0.0689000 1.2086000 0.3643000 0.0065000 0.0085000 250 5 20 55 392.3002930 0.1049000 0.3650000 0.0364000 33.1957016 0.0812000 16.1662006 -105.0 6.048160 -2.972417 15.068973
0.0689000 1.2086000 0.3643000 0.0065000 0.0085000 250 5 20 55 392.3002930 0.1049000 0.3650000 0.0364000 33.1957016 0.0812000 16.1662006 -100.0 8.385577 -1.258554 18.029467
0.0689000 1.2086000 0.3643000 0.0065000 0.0085000 250 5 20 55 392.3002930 0.1049000 0.3650000 0.0364000 33.1957016 0.0812000 16.1662006 -95.0 12.372818 2.060685 22.685184
0.0689000 1.2086000 0.3643000 0.0065000 0.0085000 250 5 20 55 392.3002930 0.1049000 0.3650000 0.0364000 33.1957016 0.0812000 16.1662006 -90.0 18.408283 7.464947 29.351856
0.0689000 1.2086000 0.3643000 0.0065000 0.0085000 250 5 20 55 392.3002930 0.1049000 0.3650000 0.0364000 33.1957016 0.0812000 16.1662006 -85.0 26.792643 15.291958 38.293079
0.0689000 1.2086000 0.3643000 0.0065000 0.0085000 250 5 20 55 392.3002930 0.1049000 0.3650000 0.0364000 33.1957016 0.0812000 16.1662006 -80.0 37.645149 25.672213 49.618095
0.0689000 1.2086000 0.3643000 0.0065000 0.0085000 250 5 20 55 392.3002930 0.1049000 0.3650000 0.0364000 33.1957016 0.0812000 16.1662006 -75.0 50.844883 38.479980 63.210030
0.0689000 1.2086000 0.3643000 0.0065000 0.0085000 250 5 20 55 392.3002930 0.1049000 0.3650000 0.0364000 33.1957016 0.0812000 16.1662006 -70.0 66.015411 53.337654 78.693161
0.0689000 1.2086000 0.3643000 0.0065000 0.0085000 250 5 20 55 392.3002930 0.1049000 0.3650000 0.0364000 33.1957016 0.0812000 16.1662006 -65.0 82.568306 69.672348 95.464508
0.0689000 1.2086000 0.3643000 0.0065000 0.0085000 250 5 20 55 392.3002930 0.1049000 0.3650000 0.0364000 33.1957016 0.0812000 16.1662006 -60.0 99.791847 86.786423 112.797272
0.0689000 1.2086000 0.3643000 0.0065000 0.0085000 250 5 20 55 392.3002930 0.1049000 0.3650000 0.0364000 33.1957016 0.0812000 16.1662006 -55.0 116.955627 103.932762 129.978745
0.0689000 1.2086000 0.3643000 0.0065000 0.0085000 250 5 20 55 392.3002930 0.1049000 0.3650000 0.0364000 33.1957016 0.0812000 16.1662006 -50.0 133.409348 120.407265 146.411423
0.0689000 1.2086000 0.3643000 0.0065000 0.0085000 250 5 20 55 392.3002930 0.1049000 0.3650000 0.0364000 33.1957016 0.0812000 16.1662006 -45.0 148.647980 135.646393 161.649582
0.0689000 1.2086000 0.3643000 0.0065000 0.0085000 250 5 20 55 392.3002930 0.1049000 0.3650000 0.0364000 33.1957016 0.0812000 16.1662006 -40.0 162.340775 149.294724 175.386597
0.0689000 1.2086000 0.3643000 0.0065000 0.0085000 250 5 20 55 392.3002930 0.1049000 0.3650000 0.0364000 33.1957016 0.0812000 16.1662006 -35.0 174.323990 161.210068 187.438156
0.0689000 1.2086000 0.3643000 0.0065000 0.0085000 250 5 20 55 392.3002930 0.1049000 0.3650000 0.0364000 33.1957016 0.0812000 16.1662006 -30.0 184.574219 171.409622 197.738831
0.0689000 1.2086000 0.3643000 0.0065000 0.0085000 250 5 20 55 392.3002930 0.1049000 0.3650000 0.0364000 33.1957016 0.0812000 16.1662006 -25.0 193.166519 179.996902 206.336136
0.0689000 1.2086000 0.3643000 0.0065000 0.0085000 250 5 20 55 392.3002930 0.1049000 0.3650000 0.0364000 33.1957016 0.0812000 16.1662006 -20.0 200.237808 187.104034 213.371567
0.0689000 1.2086000 0.3643000 0.0065000 0.0085000 250 5 20 55 392.3002930 0.1049000 0.3650000 0.0364000 33.1957016 0.0812000 16.1662006 -15.0 205.954926 192.865372 219.044235
0.0689000 1.2086000 0.3643000 0.0065000 0.0085000 250 5 20 55 392.3002930 0.1049000 0.3650000 0.0364000 33.1957016 0.0812000 16.1662006 -10.0 210.494263 197.414017 223.574722
0.0689000 1.2086000 0.3643000 0.0065000 0.0085000 250 5 20 55 392.3002930 0.1049000 0.3650000 0.0364000 33.1957016 0.0812000 16.1662006 -5.0 214.030975 200.884537 227.177414
0.0689000 1.2086000 0.3643000 0.0065000 0.0085000 250 5 20 55 392.3002930 0.1049000 0.3650000 0.0364000 33.1957016 0.0812000 16.1662006 0.0 216.730728 203.414597 230.046600
0.0689000 1.2086000 0.3643000 0.0065000 0.0085000 250 5 20 55 392.3002930 0.1049000 0.3650000 0.0364000 33.1957016 0.0812000 16.1662006 5.0 218.747162 205.140900 232.353439
0.0689000 1.2086000 0.3643000 0.0065000 0.0085000 250 5 20 55 392.3002930 0.1049000 0.3650000 0.0364000 33.1957016 0.0812000 16.1662006 10.0 220.218689 206.194168 234.243210
0.0689000 1.2086000 0.3643000 0.0065000 0.0085000 250 5 20 55 392.3002930 0.1049000 0.3650000 0.0364000 33.1957016 0.0812000 16.1662006 15.0 221.266464 206.699890 235.833038
0.0689000 1.2086000 0.3643000 0.0065000 0.0085000 250 5 20 55 392.3002930 0.1049000 0.3650000 0.0364000 33.1957016 0.0812000 16.1662006 20.0 221.995407 206.776123 237.214447
0.0689000 1.2086000 0.3643000 0.0065000 0.0085000 250 5 20 55 392.3002930 0.1049000 0.3650000 0.0364000 33.1957016 0.0812000 16.1662006 25.0 222.494202 206.534027 238.454376
0.0689000 1.2086000 0.3643000 0.0065000 0.0085000 250 5 20 55 392.3002930 0.1049000 0.3650000 0.0364000 33.1957016 0.0812000 16.1662006 30.0 222.838364 206.073715 239.603256
0.0689000 1.2086000 0.3643000 0.0065000 0.0085000 250 5 20 55 392.3002930 0.1049000 0.3650000 0.0364000 33.1957016 0.0812000 16.1662006 35.0 223.090744 205.481705 240.699799
0.0689000 1.2086000 0.3643000 0.0065000 0.0085000 250 5 20 55 392.3002930 0.1049000 0.3650000 0.0364000 33.1957016 0.0812000 16.1662006 40.0 223.302750 204.827316 241.777924
