C(%) Mn(%) Si(%) S(%) P(%) Ti(ppm) B(ppm) Al(ppm) N(ppm) O(ppm) Cr(%) Ni(%) Mo(%) V(ppm) Cu(%) Nb(ppm) Temp(Curve) Predicted Pred-err Pred+err
0.0689000 1.2086000 0.3643000 0.0065000 0.0085000 28 24.4503994 46.3552017 91.7948990 392.3002930 0.03 0.3650000 0.0364000 33.1957016 0.0812000 16.1662006 -40.0000000 151.231583 142.953568 159.509583
0.0689000 1.2086000 0.3643000 0.0065000 0.0085000 28 24.4503994 46.3552017 91.7948990 392.3002930 0.14 0.3650000 0.0364000 33.1957016 0.0812000 16.1662006 -40.0000000 151.587204 142.687332 160.486847
0.0689000 1.2086000 0.3643000 0.0065000 0.0085000 28 24.4503994 46.3552017 91.7948990 392.3002930 0.25 0.3650000 0.0364000 33.1957016 0.0812000 16.1662006 -40.0000000 151.547058 141.561630 161.532471
0.0689000 1.2086000 0.3643000 0.0065000 0.0085000 28 24.4503994 46.3552017 91.7948990 392.3002930 0.36 0.3650000 0.0364000 33.1957016 0.0812000 16.1662006 -40.0000000 151.008835 139.613541 162.404114
0.0689000 1.2086000 0.3643000 0.0065000 0.0085000 28 24.4503994 46.3552017 91.7948990 392.3002930 0.47 0.3650000 0.0364000 33.1957016 0.0812000 16.1662006 -40.0000000 149.895569 136.866241 162.924652
0.0689000 1.2086000 0.3643000 0.0065000 0.0085000 28 24.4503994 46.3552017 91.7948990 392.3002930 0.5800000000000001 0.3650000 0.0364000 33.1957016 0.0812000 16.1662006 -40.0000000 148.160187 133.327133 162.993240
0.0689000 1.2086000 0.3643000 0.0065000 0.0085000 28 24.4503994 46.3552017 91.7948990 392.3002930 0.6900000000000001 0.3650000 0.0364000 33.1957016 0.0812000 16.1662006 -40.0000000 145.782379 128.997406 162.567352
0.0689000 1.2086000 0.3643000 0.0065000 0.0085000 28 24.4503994 46.3552017 91.7948990 392.3002930 0.8 0.3650000 0.0364000 33.1957016 0.0812000 16.1662006 -40.0000000 142.759262 123.880898 161.637390
0.0689000 1.2086000 0.3643000 0.0065000 0.0085000 28 24.4503994 46.3552017 91.7948990 392.3002930 0.91 0.3650000 0.0364000 33.1957016 0.0812000 16.1662006 -40.0000000 139.098267 117.990257 160.206268
0.0689000 1.2086000 0.3643000 0.0065000 0.0085000 28 24.4503994 46.3552017 91.7948990 392.3002930 1.02 0.3650000 0.0364000 33.1957016 0.0812000 16.1662006 -40.0000000 134.812042 111.348930 158.275391
0.0689000 1.2086000 0.3643000 0.0065000 0.0085000 28 24.4503994 46.3552017 91.7948990 392.3002930 1.1300000000000001 0.3650000 0.0364000 33.1957016 0.0812000 16.1662006 -40.0000000 129.917084 103.993469 155.840698
0.0689000 1.2086000 0.3643000 0.0065000 0.0085000 28 24.4503994 46.3552017 91.7948990 392.3002930 1.24 0.3650000 0.0364000 33.1957016 0.0812000 16.1662006 -40.0000000 124.434418 95.972626 152.896454
0.0689000 1.2086000 0.3643000 0.0065000 0.0085000 28 24.4503994 46.3552017 91.7948990 392.3002930 1.35 0.3650000 0.0364000 33.1957016 0.0812000 16.1662006 -40.0000000 118.395363 87.345444 149.445297
0.0689000 1.2086000 0.3643000 0.0065000 0.0085000 28 24.4503994 46.3552017 91.7948990 392.3002930 1.46 0.3650000 0.0364000 33.1957016 0.0812000 16.1662006 -40.0000000 111.843895 78.179077 145.508728
0.0689000 1.2086000 0.3643000 0.0065000 0.0085000 28 24.4503994 46.3552017 91.7948990 392.3002930 1.57 0.3650000 0.0364000 33.1957016 0.0812000 16.1662006 -40.0000000 104.840721 68.544983 141.136215
0.0689000 1.2086000 0.3643000 0.0065000 0.0085000 28 24.4503994 46.3552017 91.7948990 392.3002930 1.68 0.3650000 0.0364000 33.1957016 0.0812000 16.1662006 -40.0000000 97.461594 58.517979 136.405212
0.0689000 1.2086000 0.3643000 0.0065000 0.0085000 28 24.4503994 46.3552017 91.7948990 392.3002930 1.79 0.3650000 0.0364000 33.1957016 0.0812000 16.1662006 -40.0000000 89.794952 48.175255 131.414413
0.0689000 1.2086000 0.3643000 0.0065000 0.0085000 28 24.4503994 46.3552017 91.7948990 392.3002930 1.9000000000000001 0.3650000 0.0364000 33.1957016 0.0812000 16.1662006 -40.0000000 81.934479 37.598312 126.270897
0.0689000 1.2086000 0.3643000 0.0065000 0.0085000 28 24.4503994 46.3552017 91.7948990 392.3002930 2.01 0.3650000 0.0364000 33.1957016 0.0812000 16.1662006 -40.0000000 73.975304 26.871748 121.078857
0.0689000 1.2086000 0.3643000 0.0065000 0.0085000 28 24.4503994 46.3552017 91.7948990 392.3002930 2.1199999999999997 0.3650000 0.0364000 33.1957016 0.0812000 16.1662006 -40.0000000 66.006088 16.080902 115.931274
0.0689000 1.2086000 0.3643000 0.0065000 0.0085000 28 24.4503994 46.3552017 91.7948990 392.3002930 2.23 0.3650000 0.0364000 33.1957016 0.0812000 16.1662006 -40.0000000 58.107136 5.308690 110.905586
0.0689000 1.2086000 0.3643000 0.0065000 0.0085000 28 24.4503994 46.3552017 91.7948990 392.3002930 2.34 0.3650000 0.0364000 33.1957016 0.0812000 16.1662006 -40.0000000 50.347763 -5.368626 106.064163
0.0689000 1.2086000 0.3643000 0.0065000 0.0085000 28 24.4503994 46.3552017 91.7948990 392.3002930 2.3499999 0.3650000 0.0364000 33.1957016 0.0812000 16.1662006 -40.0000000 49.651318 -6.332278 105.634918
