C(%) Mn(%) Si(%) S(%) P(%) Ti(ppm) B(ppm) Al(ppm) N(ppm) O(ppm) Cr(%) Ni(%) Mo(%) V(ppm) Cu(%) Nb(ppm) Temp(Curve) Predicted Pred-err Pred+err
0.0689000 1.2086000 0.3643000 0.0065000 0.0085000 28 150 300 55 392.3002930 0.1049000 0.3650000 0.0364000 33.1957016 0.0812000 16.1662006 -120.0 6.049350 -55.321304 67.420250
0.0689000 1.2086000 0.3643000 0.0065000 0.0085000 28 150 300 55 392.3002930 0.1049000 0.3650000 0.0364000 33.1957016 0.0812000 16.1662006 -115.0 7.459213 -51.468391 66.386574
0.0689000 1.2086000 0.3643000 0.0065000 0.0085000 28 150 300 55 392.3002930 0.1049000 0.3650000 0.0364000 33.1957016 0.0812000 16.1662006 -110.0 9.419253 -47.403950 66.242462
0.0689000 1.2086000 0.3643000 0.0065000 0.0085000 28 150 300 55 392.3002930 0.1049000 0.3650000 0.0364000 33.1957016 0.0812000 16.1662006 -105.0 12.058768 -42.999893 67.117439
0.0689000 1.2086000 0.3643000 0.0065000 0.0085000 28 150 300 55 392.3002930 0.1049000 0.3650000 0.0364000 33.1957016 0.0812000 16.1662006 -100.0 15.485789 -38.048054 69.019638
0.0689000 1.2086000 0.3643000 0.0065000 0.0085000 28 150 300 55 392.3002930 0.1049000 0.3650000 0.0364000 33.1957016 0.0812000 16.1662006 -95.0 19.799744 -32.279079 71.878792
0.0689000 1.2086000 0.3643000 0.0065000 0.0085000 28 150 300 55 392.3002930 0.1049000 0.3650000 0.0364000 33.1957016 0.0812000 16.1662006 -90.0 25.098610 -25.415236 75.612457
0.0689000 1.2086000 0.3643000 0.0065000 0.0085000 28 150 300 55 392.3002930 0.1049000 0.3650000 0.0364000 33.1957016 0.0812000 16.1662006 -85.0 31.466766 -17.241674 80.175201
0.0689000 1.2086000 0.3643000 0.0065000 0.0085000 28 150 300 55 392.3002930 0.1049000 0.3650000 0.0364000 33.1957016 0.0812000 16.1662006 -80.0 38.948898 -7.670686 85.568718
0.0689000 1.2086000 0.3643000 0.0065000 0.0085000 28 150 300 55 392.3002930 0.1049000 0.3650000 0.0364000 33.1957016 0.0812000 16.1662006 -75.0 47.522305 3.225327 91.819046
0.0689000 1.2086000 0.3643000 0.0065000 0.0085000 28 150 300 55 392.3002930 0.1049000 0.3650000 0.0364000 33.1957016 0.0812000 16.1662006 -70.0 57.083263 15.223130 98.943398
0.0689000 1.2086000 0.3643000 0.0065000 0.0085000 28 150 300 55 392.3002930 0.1049000 0.3650000 0.0364000 33.1957016 0.0812000 16.1662006 -65.0 67.451797 27.987400 106.915955
0.0689000 1.2086000 0.3643000 0.0065000 0.0085000 28 150 300 55 392.3002930 0.1049000 0.3650000 0.0364000 33.1957016 0.0812000 16.1662006 -60.0 78.381744 41.118782 115.644714
0.0689000 1.2086000 0.3643000 0.0065000 0.0085000 28 150 300 55 392.3002930 0.1049000 0.3650000 0.0364000 33.1957016 0.0812000 16.1662006 -55.0 89.580093 54.199963 124.960457
0.0689000 1.2086000 0.3643000 0.0065000 0.0085000 28 150 300 55 392.3002930 0.1049000 0.3650000 0.0364000 33.1957016 0.0812000 16.1662006 -50.0 100.729683 66.844261 134.615097
0.0689000 1.2086000 0.3643000 0.0065000 0.0085000 28 150 300 55 392.3002930 0.1049000 0.3650000 0.0364000 33.1957016 0.0812000 16.1662006 -45.0 111.521484 78.743828 144.299377
0.0689000 1.2086000 0.3643000 0.0065000 0.0085000 28 150 300 55 392.3002930 0.1049000 0.3650000 0.0364000 33.1957016 0.0812000 16.1662006 -40.0 121.687592 89.694092 153.681091
0.0689000 1.2086000 0.3643000 0.0065000 0.0085000 28 150 300 55 392.3002930 0.1049000 0.3650000 0.0364000 33.1957016 0.0812000 16.1662006 -35.0 131.025314 99.587502 162.462906
0.0689000 1.2086000 0.3643000 0.0065000 0.0085000 28 150 300 55 392.3002930 0.1049000 0.3650000 0.0364000 33.1957016 0.0812000 16.1662006 -30.0 139.407288 108.384132 170.430450
0.0689000 1.2086000 0.3643000 0.0065000 0.0085000 28 150 300 55 392.3002930 0.1049000 0.3650000 0.0364000 33.1957016 0.0812000 16.1662006 -25.0 146.780914 116.081131 177.480469
0.0689000 1.2086000 0.3643000 0.0065000 0.0085000 28 150 300 55 392.3002930 0.1049000 0.3650000 0.0364000 33.1957016 0.0812000 16.1662006 -20.0 153.154572 122.691872 183.617264
0.0689000 1.2086000 0.3643000 0.0065000 0.0085000 28 150 300 55 392.3002930 0.1049000 0.3650000 0.0364000 33.1957016 0.0812000 16.1662006 -15.0 158.582016 128.242645 188.921158
0.0689000 1.2086000 0.3643000 0.0065000 0.0085000 28 150 300 55 392.3002930 0.1049000 0.3650000 0.0364000 33.1957016 0.0812000 16.1662006 -10.0 163.142380 132.779816 193.504944
0.0689000 1.2086000 0.3643000 0.0065000 0.0085000 28 150 300 55 392.3002930 0.1049000 0.3650000 0.0364000 33.1957016 0.0812000 16.1662006 -5.0 166.924561 136.379166 197.470184
0.0689000 1.2086000 0.3643000 0.0065000 0.0085000 28 150 300 55 392.3002930 0.1049000 0.3650000 0.0364000 33.1957016 0.0812000 16.1662006 0.0 170.013153 139.146301 200.880005
0.0689000 1.2086000 0.3643000 0.0065000 0.0085000 28 150 300 55 392.3002930 0.1049000 0.3650000 0.0364000 33.1957016 0.0812000 16.1662006 5.0 172.482269 141.205521 203.758987
0.0689000 1.2086000 0.3643000 0.0065000 0.0085000 28 150 300 55 392.3002930 0.1049000 0.3650000 0.0364000 33.1957016 0.0812000 16.1662006 10.0 174.393311 142.679672 206.106934
0.0689000 1.2086000 0.3643000 0.0065000 0.0085000 28 150 300 55 392.3002930 0.1049000 0.3650000 0.0364000 33.1957016 0.0812000 16.1662006 15.0 175.799347 143.675354 207.923340
0.0689000 1.2086000 0.3643000 0.0065000 0.0085000 28 150 300 55 392.3002930 0.1049000 0.3650000 0.0364000 33.1957016 0.0812000 16.1662006 20.0 176.748642 144.271179 209.226120
0.0689000 1.2086000 0.3643000 0.0065000 0.0085000 28 150 300 55 392.3002930 0.1049000 0.3650000 0.0364000 33.1957016 0.0812000 16.1662006 25.0 177.290939 144.517593 210.064285
0.0689000 1.2086000 0.3643000 0.0065000 0.0085000 28 150 300 55 392.3002930 0.1049000 0.3650000 0.0364000 33.1957016 0.0812000 16.1662006 30.0 177.480942 144.439911 210.521973
0.0689000 1.2086000 0.3643000 0.0065000 0.0085000 28 150 300 55 392.3002930 0.1049000 0.3650000 0.0364000 33.1957016 0.0812000 16.1662006 35.0 177.378891 144.045319 210.712463
0.0689000 1.2086000 0.3643000 0.0065000 0.0085000 28 150 300 55 392.3002930 0.1049000 0.3650000 0.0364000 33.1957016 0.0812000 16.1662006 40.0 177.049316 143.330948 210.767670
