C(%) Mn(%) Si(%) S(%) P(%) Ti(ppm) B(ppm) Al(ppm) N(ppm) O(ppm) Cr(%) Ni(%) Mo(%) V(ppm) Cu(%) Nb(ppm) Temp(Curve) Predicted Pred-err Pred+err
0.0689000 1.2086000 0.3643000 0.0065000 0.0085000 28 5 20 55 392.3002930 0.1049000 0.3650000 0.0364000 33.1957016 0.0812000 16.1662006 -120.0 12.834322 6.007290 19.661362
0.0689000 1.2086000 0.3643000 0.0065000 0.0085000 28 5 20 55 392.3002930 0.1049000 0.3650000 0.0364000 33.1957016 0.0812000 16.1662006 -115.0 14.096724 7.653522 20.539925
0.0689000 1.2086000 0.3643000 0.0065000 0.0085000 28 5 20 55 392.3002930 0.1049000 0.3650000 0.0364000 33.1957016 0.0812000 16.1662006 -110.0 16.281898 10.124306 22.439493
0.0689000 1.2086000 0.3643000 0.0065000 0.0085000 28 5 20 55 392.3002930 0.1049000 0.3650000 0.0364000 33.1957016 0.0812000 16.1662006 -105.0 19.727325 13.758535 25.696110
0.0689000 1.2086000 0.3643000 0.0065000 0.0085000 28 5 20 55 392.3002930 0.1049000 0.3650000 0.0364000 33.1957016 0.0812000 16.1662006 -100.0 24.811092 18.916878 30.705072
0.0689000 1.2086000 0.3643000 0.0065000 0.0085000 28 5 20 55 392.3002930 0.1049000 0.3650000 0.0364000 33.1957016 0.0812000 16.1662006 -95.0 31.885014 25.950405 37.819622
0.0689000 1.2086000 0.3643000 0.0065000 0.0085000 28 5 20 55 392.3002930 0.1049000 0.3650000 0.0364000 33.1957016 0.0812000 16.1662006 -90.0 41.186176 35.125618 47.246738
0.0689000 1.2086000 0.3643000 0.0065000 0.0085000 28 5 20 55 392.3002930 0.1049000 0.3650000 0.0364000 33.1957016 0.0812000 16.1662006 -85.0 52.754494 46.523521 58.985222
0.0689000 1.2086000 0.3643000 0.0065000 0.0085000 28 5 20 55 392.3002930 0.1049000 0.3650000 0.0364000 33.1957016 0.0812000 16.1662006 -80.0 66.390160 59.976120 72.804443
0.0689000 1.2086000 0.3643000 0.0065000 0.0085000 28 5 20 55 392.3002930 0.1049000 0.3650000 0.0364000 33.1957016 0.0812000 16.1662006 -75.0 81.672539 75.095978 88.249344
0.0689000 1.2086000 0.3643000 0.0065000 0.0085000 28 5 20 55 392.3002930 0.1049000 0.3650000 0.0364000 33.1957016 0.0812000 16.1662006 -70.0 98.022530 91.354668 104.690147
0.0689000 1.2086000 0.3643000 0.0065000 0.0085000 28 5 20 55 392.3002930 0.1049000 0.3650000 0.0364000 33.1957016 0.0812000 16.1662006 -65.0 114.785034 108.133423 121.436401
0.0689000 1.2086000 0.3643000 0.0065000 0.0085000 28 5 20 55 392.3002930 0.1049000 0.3650000 0.0364000 33.1957016 0.0812000 16.1662006 -60.0 131.309494 124.746552 137.872437
0.0689000 1.2086000 0.3643000 0.0065000 0.0085000 28 5 20 55 392.3002930 0.1049000 0.3650000 0.0364000 33.1957016 0.0812000 16.1662006 -55.0 147.015854 140.497375 153.534348
0.0689000 1.2086000 0.3643000 0.0065000 0.0085000 28 5 20 55 392.3002930 0.1049000 0.3650000 0.0364000 33.1957016 0.0812000 16.1662006 -50.0 161.443085 154.790527 168.095657
0.0689000 1.2086000 0.3643000 0.0065000 0.0085000 28 5 20 55 392.3002930 0.1049000 0.3650000 0.0364000 33.1957016 0.0812000 16.1662006 -45.0 174.274994 167.251740 181.298019
0.0689000 1.2086000 0.3643000 0.0065000 0.0085000 28 5 20 55 392.3002930 0.1049000 0.3650000 0.0364000 33.1957016 0.0812000 16.1662006 -40.0 185.341415 177.760330 192.922256
0.0689000 1.2086000 0.3643000 0.0065000 0.0085000 28 5 20 55 392.3002930 0.1049000 0.3650000 0.0364000 33.1957016 0.0812000 16.1662006 -35.0 194.600281 186.385376 202.815186
0.0689000 1.2086000 0.3643000 0.0065000 0.0085000 28 5 20 55 392.3002930 0.1049000 0.3650000 0.0364000 33.1957016 0.0812000 16.1662006 -30.0 202.109421 193.301315 210.917526
0.0689000 1.2086000 0.3643000 0.0065000 0.0085000 28 5 20 55 392.3002930 0.1049000 0.3650000 0.0364000 33.1957016 0.0812000 16.1662006 -25.0 207.995270 198.730194 217.260345
0.0689000 1.2086000 0.3643000 0.0065000 0.0085000 28 5 20 55 392.3002930 0.1049000 0.3650000 0.0364000 33.1957016 0.0812000 16.1662006 -20.0 212.426575 202.901703 221.951431
0.0689000 1.2086000 0.3643000 0.0065000 0.0085000 28 5 20 55 392.3002930 0.1049000 0.3650000 0.0364000 33.1957016 0.0812000 16.1662006 -15.0 215.594040 206.020172 225.167664
0.0689000 1.2086000 0.3643000 0.0065000 0.0085000 28 5 20 55 392.3002930 0.1049000 0.3650000 0.0364000 33.1957016 0.0812000 16.1662006 -10.0 217.698196 208.246231 227.150162
0.0689000 1.2086000 0.3643000 0.0065000 0.0085000 28 5 20 55 392.3002930 0.1049000 0.3650000 0.0364000 33.1957016 0.0812000 16.1662006 -5.0 218.942429 209.692169 228.192444
0.0689000 1.2086000 0.3643000 0.0065000 0.0085000 28 5 20 55 392.3002930 0.1049000 0.3650000 0.0364000 33.1957016 0.0812000 16.1662006 0.0 219.525589 210.442154 228.609268
0.0689000 1.2086000 0.3643000 0.0065000 0.0085000 28 5 20 55 392.3002930 0.1049000 0.3650000 0.0364000 33.1957016 0.0812000 16.1662006 5.0 219.635284 210.580536 228.690277
0.0689000 1.2086000 0.3643000 0.0065000 0.0085000 28 5 20 55 392.3002930 0.1049000 0.3650000 0.0364000 33.1957016 0.0812000 16.1662006 10.0 219.438354 210.221313 228.655396
0.0689000 1.2086000 0.3643000 0.0065000 0.0085000 28 5 20 55 392.3002930 0.1049000 0.3650000 0.0364000 33.1957016 0.0812000 16.1662006 15.0 219.073883 209.511719 228.636261
0.0689000 1.2086000 0.3643000 0.0065000 0.0085000 28 5 20 55 392.3002930 0.1049000 0.3650000 0.0364000 33.1957016 0.0812000 16.1662006 20.0 218.649643 208.606628 228.692917
0.0689000 1.2086000 0.3643000 0.0065000 0.0085000 28 5 20 55 392.3002930 0.1049000 0.3650000 0.0364000 33.1957016 0.0812000 16.1662006 25.0 218.242157 207.638199 228.845871
0.0689000 1.2086000 0.3643000 0.0065000 0.0085000 28 5 20 55 392.3002930 0.1049000 0.3650000 0.0364000 33.1957016 0.0812000 16.1662006 30.0 217.898483 206.696304 229.100403
0.0689000 1.2086000 0.3643000 0.0065000 0.0085000 28 5 20 55 392.3002930 0.1049000 0.3650000 0.0364000 33.1957016 0.0812000 16.1662006 35.0 217.641556 205.824677 229.458191
0.0689000 1.2086000 0.3643000 0.0065000 0.0085000 28 5 20 55 392.3002930 0.1049000 0.3650000 0.0364000 33.1957016 0.0812000 16.1662006 40.0 217.474960 205.027847 229.922089
