C(%) Mn(%) Si(%) S(%) P(%) Ti(ppm) B(ppm) Al(ppm) N(ppm) O(ppm) Cr(%) Ni(%) Mo(%) V(ppm) Cu(%) Nb(ppm) Temp(Curve) Predicted Pred-err Pred+err
0.0689000 1.2086000 0.3643000 0.0065000 0.0085000 250 150 500 200 392.3002930 0.1049000 0.3650000 0.0364000 33.1957016 0.0812000 16.1662006 -120.0 42.933502 -40.025303 125.892319
0.0689000 1.2086000 0.3643000 0.0065000 0.0085000 250 150 500 200 392.3002930 0.1049000 0.3650000 0.0364000 33.1957016 0.0812000 16.1662006 -115.0 46.635612 -33.591660 126.862900
0.0689000 1.2086000 0.3643000 0.0065000 0.0085000 250 150 500 200 392.3002930 0.1049000 0.3650000 0.0364000 33.1957016 0.0812000 16.1662006 -110.0 50.452682 -26.605221 127.510590
0.0689000 1.2086000 0.3643000 0.0065000 0.0085000 250 150 500 200 392.3002930 0.1049000 0.3650000 0.0364000 33.1957016 0.0812000 16.1662006 -105.0 54.444942 -19.116869 128.006989
0.0689000 1.2086000 0.3643000 0.0065000 0.0085000 250 150 500 200 392.3002930 0.1049000 0.3650000 0.0364000 33.1957016 0.0812000 16.1662006 -100.0 58.694599 -11.255925 128.644882
0.0689000 1.2086000 0.3643000 0.0065000 0.0085000 250 150 500 200 392.3002930 0.1049000 0.3650000 0.0364000 33.1957016 0.0812000 16.1662006 -95.0 63.284355 -3.202582 129.771042
0.0689000 1.2086000 0.3643000 0.0065000 0.0085000 250 150 500 200 392.3002930 0.1049000 0.3650000 0.0364000 33.1957016 0.0812000 16.1662006 -90.0 68.271332 4.850768 131.691895
0.0689000 1.2086000 0.3643000 0.0065000 0.0085000 250 150 500 200 392.3002930 0.1049000 0.3650000 0.0364000 33.1957016 0.0812000 16.1662006 -85.0 73.665558 12.742068 134.589294
0.0689000 1.2086000 0.3643000 0.0065000 0.0085000 250 150 500 200 392.3002930 0.1049000 0.3650000 0.0364000 33.1957016 0.0812000 16.1662006 -80.0 79.422112 20.368559 138.475662
0.0689000 1.2086000 0.3643000 0.0065000 0.0085000 250 150 500 200 392.3002930 0.1049000 0.3650000 0.0364000 33.1957016 0.0812000 16.1662006 -75.0 85.453278 27.701797 143.204758
0.0689000 1.2086000 0.3643000 0.0065000 0.0085000 250 150 500 200 392.3002930 0.1049000 0.3650000 0.0364000 33.1957016 0.0812000 16.1662006 -70.0 91.657722 34.785278 148.529922
0.0689000 1.2086000 0.3643000 0.0065000 0.0085000 250 150 500 200 392.3002930 0.1049000 0.3650000 0.0364000 33.1957016 0.0812000 16.1662006 -65.0 97.949631 41.718910 154.180603
0.0689000 1.2086000 0.3643000 0.0065000 0.0085000 250 150 500 200 392.3002930 0.1049000 0.3650000 0.0364000 33.1957016 0.0812000 16.1662006 -60.0 104.274048 48.628872 159.919464
0.0689000 1.2086000 0.3643000 0.0065000 0.0085000 250 150 500 200 392.3002930 0.1049000 0.3650000 0.0364000 33.1957016 0.0812000 16.1662006 -55.0 110.597755 55.622017 165.573486
0.0689000 1.2086000 0.3643000 0.0065000 0.0085000 250 150 500 200 392.3002930 0.1049000 0.3650000 0.0364000 33.1957016 0.0812000 16.1662006 -50.0 116.888229 62.743736 171.032730
0.0689000 1.2086000 0.3643000 0.0065000 0.0085000 250 150 500 200 392.3002930 0.1049000 0.3650000 0.0364000 33.1957016 0.0812000 16.1662006 -45.0 123.096260 69.951736 176.240768
0.0689000 1.2086000 0.3643000 0.0065000 0.0085000 250 150 500 200 392.3002930 0.1049000 0.3650000 0.0364000 33.1957016 0.0812000 16.1662006 -40.0 129.146545 77.113373 181.179718
0.0689000 1.2086000 0.3643000 0.0065000 0.0085000 250 150 500 200 392.3002930 0.1049000 0.3650000 0.0364000 33.1957016 0.0812000 16.1662006 -35.0 134.937744 84.021194 185.854553
0.0689000 1.2086000 0.3643000 0.0065000 0.0085000 250 150 500 200 392.3002930 0.1049000 0.3650000 0.0364000 33.1957016 0.0812000 16.1662006 -30.0 140.347748 90.421608 190.273666
0.0689000 1.2086000 0.3643000 0.0065000 0.0085000 250 150 500 200 392.3002930 0.1049000 0.3650000 0.0364000 33.1957016 0.0812000 16.1662006 -25.0 145.240326 96.059380 194.421265
0.0689000 1.2086000 0.3643000 0.0065000 0.0085000 250 150 500 200 392.3002930 0.1049000 0.3650000 0.0364000 33.1957016 0.0812000 16.1662006 -20.0 149.483765 100.733025 198.234268
0.0689000 1.2086000 0.3643000 0.0065000 0.0085000 250 150 500 200 392.3002930 0.1049000 0.3650000 0.0364000 33.1957016 0.0812000 16.1662006 -15.0 152.972931 104.340729 201.604889
0.0689000 1.2086000 0.3643000 0.0065000 0.0085000 250 150 500 200 392.3002930 0.1049000 0.3650000 0.0364000 33.1957016 0.0812000 16.1662006 -10.0 155.651398 106.888229 204.414566
0.0689000 1.2086000 0.3643000 0.0065000 0.0085000 250 150 500 200 392.3002930 0.1049000 0.3650000 0.0364000 33.1957016 0.0812000 16.1662006 -5.0 157.523010 108.462769 206.583496
0.0689000 1.2086000 0.3643000 0.0065000 0.0085000 250 150 500 200 392.3002930 0.1049000 0.3650000 0.0364000 33.1957016 0.0812000 16.1662006 0.0 158.647751 109.195297 208.099945
0.0689000 1.2086000 0.3643000 0.0065000 0.0085000 250 150 500 200 392.3002930 0.1049000 0.3650000 0.0364000 33.1957016 0.0812000 16.1662006 5.0 159.124542 109.226372 209.022736
0.0689000 1.2086000 0.3643000 0.0065000 0.0085000 250 150 500 200 392.3002930 0.1049000 0.3650000 0.0364000 33.1957016 0.0812000 16.1662006 10.0 159.074127 108.686951 209.461060
0.0689000 1.2086000 0.3643000 0.0065000 0.0085000 250 150 500 200 392.3002930 0.1049000 0.3650000 0.0364000 33.1957016 0.0812000 16.1662006 15.0 158.619537 107.688408 209.550690
0.0689000 1.2086000 0.3643000 0.0065000 0.0085000 250 150 500 200 392.3002930 0.1049000 0.3650000 0.0364000 33.1957016 0.0812000 16.1662006 20.0 157.875290 106.321564 209.429031
0.0689000 1.2086000 0.3643000 0.0065000 0.0085000 250 150 500 200 392.3002930 0.1049000 0.3650000 0.0364000 33.1957016 0.0812000 16.1662006 25.0 156.938187 104.659317 209.216797
0.0689000 1.2086000 0.3643000 0.0065000 0.0085000 250 150 500 200 392.3002930 0.1049000 0.3650000 0.0364000 33.1957016 0.0812000 16.1662006 30.0 155.883240 102.762375 209.003845
0.0689000 1.2086000 0.3643000 0.0065000 0.0085000 250 150 500 200 392.3002930 0.1049000 0.3650000 0.0364000 33.1957016 0.0812000 16.1662006 35.0 154.763519 100.681885 208.845154
0.0689000 1.2086000 0.3643000 0.0065000 0.0085000 250 150 500 200 392.3002930 0.1049000 0.3650000 0.0364000 33.1957016 0.0812000 16.1662006 40.0 153.611542 98.459656 208.763412
