C(%) Mn(%) Si(%) S(%) P(%) Ti(ppm) B(ppm) Al(ppm) N(ppm) O(ppm) Cr(%) Ni(%) Mo(%) V(ppm) Cu(%) Nb(ppm) Temp(Curve) Predicted Pred-err Pred+err
0.0689000 1.2086000 0.3643000 0.0065000 0.0085000 28 5 20 200 392.3002930 0.1049000 0.3650000 0.0364000 33.1957016 0.0812000 16.1662006 -120.0 1.955283 -15.024233 18.934563
0.0689000 1.2086000 0.3643000 0.0065000 0.0085000 28 5 20 200 392.3002930 0.1049000 0.3650000 0.0364000 33.1957016 0.0812000 16.1662006 -115.0 3.883056 -12.677014 20.443127
0.0689000 1.2086000 0.3643000 0.0065000 0.0085000 28 5 20 200 392.3002930 0.1049000 0.3650000 0.0364000 33.1957016 0.0812000 16.1662006 -110.0 6.187973 -9.751172 22.127125
0.0689000 1.2086000 0.3643000 0.0065000 0.0085000 28 5 20 200 392.3002930 0.1049000 0.3650000 0.0364000 33.1957016 0.0812000 16.1662006 -105.0 8.810521 -6.328460 23.949495
0.0689000 1.2086000 0.3643000 0.0065000 0.0085000 28 5 20 200 392.3002930 0.1049000 0.3650000 0.0364000 33.1957016 0.0812000 16.1662006 -100.0 11.701704 -2.552260 25.955427
0.0689000 1.2086000 0.3643000 0.0065000 0.0085000 28 5 20 200 392.3002930 0.1049000 0.3650000 0.0364000 33.1957016 0.0812000 16.1662006 -95.0 14.844071 1.417771 28.270380
0.0689000 1.2086000 0.3643000 0.0065000 0.0085000 28 5 20 200 392.3002930 0.1049000 0.3650000 0.0364000 33.1957016 0.0812000 16.1662006 -90.0 18.274441 5.487941 31.061182
0.0689000 1.2086000 0.3643000 0.0065000 0.0085000 28 5 20 200 392.3002930 0.1049000 0.3650000 0.0364000 33.1957016 0.0812000 16.1662006 -85.0 22.104418 9.725410 34.483658
0.0689000 1.2086000 0.3643000 0.0065000 0.0085000 28 5 20 200 392.3002930 0.1049000 0.3650000 0.0364000 33.1957016 0.0812000 16.1662006 -80.0 26.529264 14.384718 38.673569
0.0689000 1.2086000 0.3643000 0.0065000 0.0085000 28 5 20 200 392.3002930 0.1049000 0.3650000 0.0364000 33.1957016 0.0812000 16.1662006 -75.0 31.809492 19.828661 43.790321
0.0689000 1.2086000 0.3643000 0.0065000 0.0085000 28 5 20 200 392.3002930 0.1049000 0.3650000 0.0364000 33.1957016 0.0812000 16.1662006 -70.0 38.224487 26.398291 50.050690
0.0689000 1.2086000 0.3643000 0.0065000 0.0085000 28 5 20 200 392.3002930 0.1049000 0.3650000 0.0364000 33.1957016 0.0812000 16.1662006 -65.0 46.001789 34.318752 57.684822
0.0689000 1.2086000 0.3643000 0.0065000 0.0085000 28 5 20 200 392.3002930 0.1049000 0.3650000 0.0364000 33.1957016 0.0812000 16.1662006 -60.0 55.252998 43.670105 66.836136
0.0689000 1.2086000 0.3643000 0.0065000 0.0085000 28 5 20 200 392.3002930 0.1049000 0.3650000 0.0364000 33.1957016 0.0812000 16.1662006 -55.0 65.935104 54.407413 77.462791
0.0689000 1.2086000 0.3643000 0.0065000 0.0085000 28 5 20 200 392.3002930 0.1049000 0.3650000 0.0364000 33.1957016 0.0812000 16.1662006 -50.0 77.842323 66.368408 89.316238
0.0689000 1.2086000 0.3643000 0.0065000 0.0085000 28 5 20 200 392.3002930 0.1049000 0.3650000 0.0364000 33.1957016 0.0812000 16.1662006 -45.0 90.626671 79.239998 102.013588
0.0689000 1.2086000 0.3643000 0.0065000 0.0085000 28 5 20 200 392.3002930 0.1049000 0.3650000 0.0364000 33.1957016 0.0812000 16.1662006 -40.0 103.838356 92.519073 115.157631
0.0689000 1.2086000 0.3643000 0.0065000 0.0085000 28 5 20 200 392.3002930 0.1049000 0.3650000 0.0364000 33.1957016 0.0812000 16.1662006 -35.0 116.980728 105.544098 128.417587
0.0689000 1.2086000 0.3643000 0.0065000 0.0085000 28 5 20 200 392.3002930 0.1049000 0.3650000 0.0364000 33.1957016 0.0812000 16.1662006 -30.0 129.576981 117.644905 141.508820
0.0689000 1.2086000 0.3643000 0.0065000 0.0085000 28 5 20 200 392.3002930 0.1049000 0.3650000 0.0364000 33.1957016 0.0812000 16.1662006 -25.0 141.233246 128.347809 154.118698
0.0689000 1.2086000 0.3643000 0.0065000 0.0085000 28 5 20 200 392.3002930 0.1049000 0.3650000 0.0364000 33.1957016 0.0812000 16.1662006 -20.0 151.686630 137.475449 165.898056
0.0689000 1.2086000 0.3643000 0.0065000 0.0085000 28 5 20 200 392.3002930 0.1049000 0.3650000 0.0364000 33.1957016 0.0812000 16.1662006 -15.0 160.817383 145.092148 176.542633
0.0689000 1.2086000 0.3643000 0.0065000 0.0085000 28 5 20 200 392.3002930 0.1049000 0.3650000 0.0364000 33.1957016 0.0812000 16.1662006 -10.0 168.629822 151.400787 185.858612
0.0689000 1.2086000 0.3643000 0.0065000 0.0085000 28 5 20 200 392.3002930 0.1049000 0.3650000 0.0364000 33.1957016 0.0812000 16.1662006 -5.0 175.213074 156.661896 193.764252
0.0689000 1.2086000 0.3643000 0.0065000 0.0085000 28 5 20 200 392.3002930 0.1049000 0.3650000 0.0364000 33.1957016 0.0812000 16.1662006 0.0 180.701462 161.140274 200.262665
0.0689000 1.2086000 0.3643000 0.0065000 0.0085000 28 5 20 200 392.3002930 0.1049000 0.3650000 0.0364000 33.1957016 0.0812000 16.1662006 5.0 185.242233 165.064896 205.419571
0.0689000 1.2086000 0.3643000 0.0065000 0.0085000 28 5 20 200 392.3002930 0.1049000 0.3650000 0.0364000 33.1957016 0.0812000 16.1662006 10.0 188.976608 168.601624 209.351349
0.0689000 1.2086000 0.3643000 0.0065000 0.0085000 28 5 20 200 392.3002930 0.1049000 0.3650000 0.0364000 33.1957016 0.0812000 16.1662006 15.0 192.030075 171.843414 212.216492
0.0689000 1.2086000 0.3643000 0.0065000 0.0085000 28 5 20 200 392.3002930 0.1049000 0.3650000 0.0364000 33.1957016 0.0812000 16.1662006 20.0 194.508743 174.815140 214.202347
0.0689000 1.2086000 0.3643000 0.0065000 0.0085000 28 5 20 200 392.3002930 0.1049000 0.3650000 0.0364000 33.1957016 0.0812000 16.1662006 25.0 196.501282 177.495758 215.506805
0.0689000 1.2086000 0.3643000 0.0065000 0.0085000 28 5 20 200 392.3002930 0.1049000 0.3650000 0.0364000 33.1957016 0.0812000 16.1662006 30.0 198.082748 179.846085 216.319641
0.0689000 1.2086000 0.3643000 0.0065000 0.0085000 28 5 20 200 392.3002930 0.1049000 0.3650000 0.0364000 33.1957016 0.0812000 16.1662006 35.0 199.320053 181.831940 216.808167
0.0689000 1.2086000 0.3643000 0.0065000 0.0085000 28 5 20 200 392.3002930 0.1049000 0.3650000 0.0364000 33.1957016 0.0812000 16.1662006 40.0 200.273422 183.430603 217.115997
