C(%) Mn(%) Si(%) S(%) P(%) Ti(ppm) B(ppm) Al(ppm) N(ppm) O(ppm) Cr(%) Ni(%) Mo(%) V(ppm) Cu(%) Nb(ppm) Temp(Curve) Predicted Pred-err Pred+err
0.0689000 1.2086000 0.3643000 0.0065000 0.0085000 28 24.4503994 46.3552017 91.7948990 392.3002930 0.1049000 0.3650000 0.005 33.1957016 0.0812000 16.1662006 -40.0000000 150.345840 143.009491 157.682190
0.0689000 1.2086000 0.3643000 0.0065000 0.0085000 28 24.4503994 46.3552017 91.7948990 392.3002930 0.1049000 0.3650000 0.055 33.1957016 0.0812000 16.1662006 -40.0000000 152.142883 142.580017 161.705750
0.0689000 1.2086000 0.3643000 0.0065000 0.0085000 28 24.4503994 46.3552017 91.7948990 392.3002930 0.1049000 0.3650000 0.10500000000000001 33.1957016 0.0812000 16.1662006 -40.0000000 153.601746 141.295624 165.907852
0.0689000 1.2086000 0.3643000 0.0065000 0.0085000 28 24.4503994 46.3552017 91.7948990 392.3002930 0.1049000 0.3650000 0.15500000000000003 33.1957016 0.0812000 16.1662006 -40.0000000 154.681549 139.454132 169.908951
0.0689000 1.2086000 0.3643000 0.0065000 0.0085000 28 24.4503994 46.3552017 91.7948990 392.3002930 0.1049000 0.3650000 0.20500000000000002 33.1957016 0.0812000 16.1662006 -40.0000000 155.356003 137.152328 173.559433
0.0689000 1.2086000 0.3643000 0.0065000 0.0085000 28 24.4503994 46.3552017 91.7948990 392.3002930 0.1049000 0.3650000 0.255 33.1957016 0.0812000 16.1662006 -40.0000000 155.610291 134.424850 176.795731
0.0689000 1.2086000 0.3643000 0.0065000 0.0085000 28 24.4503994 46.3552017 91.7948990 392.3002930 0.1049000 0.3650000 0.30500000000000005 33.1957016 0.0812000 16.1662006 -40.0000000 155.438690 131.292038 179.585098
0.0689000 1.2086000 0.3643000 0.0065000 0.0085000 28 24.4503994 46.3552017 91.7948990 392.3002930 0.1049000 0.3650000 0.35500000000000004 33.1957016 0.0812000 16.1662006 -40.0000000 154.839279 127.777069 181.901733
0.0689000 1.2086000 0.3643000 0.0065000 0.0085000 28 24.4503994 46.3552017 91.7948990 392.3002930 0.1049000 0.3650000 0.405 33.1957016 0.0812000 16.1662006 -40.0000000 153.813965 123.907425 183.720749
0.0689000 1.2086000 0.3643000 0.0065000 0.0085000 28 24.4503994 46.3552017 91.7948990 392.3002930 0.1049000 0.3650000 0.455 33.1957016 0.0812000 16.1662006 -40.0000000 152.365158 119.715599 185.014709
0.0689000 1.2086000 0.3643000 0.0065000 0.0085000 28 24.4503994 46.3552017 91.7948990 392.3002930 0.1049000 0.3650000 0.505 33.1957016 0.0812000 16.1662006 -40.0000000 150.497131 115.238174 185.756317
0.0689000 1.2086000 0.3643000 0.0065000 0.0085000 28 24.4503994 46.3552017 91.7948990 392.3002930 0.1049000 0.3650000 0.555 33.1957016 0.0812000 16.1662006 -40.0000000 148.216827 110.513145 185.920517
0.0689000 1.2086000 0.3643000 0.0065000 0.0085000 28 24.4503994 46.3552017 91.7948990 392.3002930 0.1049000 0.3650000 0.6050000000000001 33.1957016 0.0812000 16.1662006 -40.0000000 145.535248 105.581383 185.489120
0.0689000 1.2086000 0.3643000 0.0065000 0.0085000 28 24.4503994 46.3552017 91.7948990 392.3002930 0.1049000 0.3650000 0.655 33.1957016 0.0812000 16.1662006 -40.0000000 142.468170 100.483513 184.453049
0.0689000 1.2086000 0.3643000 0.0065000 0.0085000 28 24.4503994 46.3552017 91.7948990 392.3002930 0.1049000 0.3650000 0.7050000000000001 33.1957016 0.0812000 16.1662006 -40.0000000 139.039230 95.262794 182.815674
0.0689000 1.2086000 0.3643000 0.0065000 0.0085000 28 24.4503994 46.3552017 91.7948990 392.3002930 0.1049000 0.3650000 0.755 33.1957016 0.0812000 16.1662006 -40.0000000 135.278091 89.960815 180.595352
0.0689000 1.2086000 0.3643000 0.0065000 0.0085000 28 24.4503994 46.3552017 91.7948990 392.3002930 0.1049000 0.3650000 0.805 33.1957016 0.0812000 16.1662006 -40.0000000 131.223221 84.618690 177.827744
0.0689000 1.2086000 0.3643000 0.0065000 0.0085000 28 24.4503994 46.3552017 91.7948990 392.3002930 0.1049000 0.3650000 0.8550000000000001 33.1957016 0.0812000 16.1662006 -40.0000000 126.919540 79.273453 174.565628
0.0689000 1.2086000 0.3643000 0.0065000 0.0085000 28 24.4503994 46.3552017 91.7948990 392.3002930 0.1049000 0.3650000 0.905 33.1957016 0.0812000 16.1662006 -40.0000000 122.418930 73.957382 170.880478
0.0689000 1.2086000 0.3643000 0.0065000 0.0085000 28 24.4503994 46.3552017 91.7948990 392.3002930 0.1049000 0.3650000 0.9550000000000001 33.1957016 0.0812000 16.1662006 -40.0000000 117.778030 68.696510 166.859543
0.0689000 1.2086000 0.3643000 0.0065000 0.0085000 28 24.4503994 46.3552017 91.7948990 392.3002930 0.1049000 0.3650000 1.005 33.1957016 0.0812000 16.1662006 -40.0000000 113.057304 63.510448 162.604156
0.0689000 1.2086000 0.3643000 0.0065000 0.0085000 28 24.4503994 46.3552017 91.7948990 392.3002930 0.1049000 0.3650000 1.055 33.1957016 0.0812000 16.1662006 -40.0000000 108.318649 58.412342 158.225189
0.0689000 1.2086000 0.3643000 0.0065000 0.0085000 28 24.4503994 46.3552017 91.7948990 392.3002930 0.1049000 0.3650000 1.105 33.1957016 0.0812000 16.1662006 -40.0000000 103.623734 53.409595 153.837875
0.0689000 1.2086000 0.3643000 0.0065000 0.0085000 28 24.4503994 46.3552017 91.7948990 392.3002930 0.1049000 0.3650000 1.1500000 33.1957016 0.0812000 16.1662006 -40.0000000 99.483772 48.990246 149.977310
