C(%) Mn(%) Si(%) S(%) P(%) Ti(ppm) B(ppm) Al(ppm) N(ppm) O(ppm) Cr(%) Ni(%) Mo(%) V(ppm) Cu(%) Nb(ppm) Temp(Curve) Predicted Pred-err Pred+err
0.0689000 1.2086000 0.3643000 0.0065000 0.0085000 132.9290009 24.4503994 46.3552017 91.7948990 392.3002930 0.1049000 0.3650000 0.0364000 3.0 0.0812000 16.1662006 -40.0000000 140.770065 129.780609 151.759521
0.0689000 1.2086000 0.3643000 0.0065000 0.0085000 132.9290009 24.4503994 46.3552017 91.7948990 392.3002930 0.1049000 0.3650000 0.0364000 43.0 0.0812000 16.1662006 -40.0000000 143.417953 131.402466 155.433670
0.0689000 1.2086000 0.3643000 0.0065000 0.0085000 132.9290009 24.4503994 46.3552017 91.7948990 392.3002930 0.1049000 0.3650000 0.0364000 83.0 0.0812000 16.1662006 -40.0000000 144.506836 130.649368 158.364059
0.0689000 1.2086000 0.3643000 0.0065000 0.0085000 132.9290009 24.4503994 46.3552017 91.7948990 392.3002930 0.1049000 0.3650000 0.0364000 123.0 0.0812000 16.1662006 -40.0000000 144.270706 127.434349 161.106812
0.0689000 1.2086000 0.3643000 0.0065000 0.0085000 132.9290009 24.4503994 46.3552017 91.7948990 392.3002930 0.1049000 0.3650000 0.0364000 163.0 0.0812000 16.1662006 -40.0000000 143.214554 122.404594 164.024521
0.0689000 1.2086000 0.3643000 0.0065000 0.0085000 132.9290009 24.4503994 46.3552017 91.7948990 392.3002930 0.1049000 0.3650000 0.0364000 203.0 0.0812000 16.1662006 -40.0000000 141.814743 116.801956 166.827759
0.0689000 1.2086000 0.3643000 0.0065000 0.0085000 132.9290009 24.4503994 46.3552017 91.7948990 392.3002930 0.1049000 0.3650000 0.0364000 243.0 0.0812000 16.1662006 -40.0000000 140.387909 111.494476 169.281097
0.0689000 1.2086000 0.3643000 0.0065000 0.0085000 132.9290009 24.4503994 46.3552017 91.7948990 392.3002930 0.1049000 0.3650000 0.0364000 283.0 0.0812000 16.1662006 -40.0000000 139.082489 106.757019 171.407715
0.0689000 1.2086000 0.3643000 0.0065000 0.0085000 132.9290009 24.4503994 46.3552017 91.7948990 392.3002930 0.1049000 0.3650000 0.0364000 323.0 0.0812000 16.1662006 -40.0000000 137.933609 102.493263 173.373978
0.0689000 1.2086000 0.3643000 0.0065000 0.0085000 132.9290009 24.4503994 46.3552017 91.7948990 392.3002930 0.1049000 0.3650000 0.0364000 363.0 0.0812000 16.1662006 -40.0000000 136.909256 98.475670 175.342850
0.0689000 1.2086000 0.3643000 0.0065000 0.0085000 132.9290009 24.4503994 46.3552017 91.7948990 392.3002930 0.1049000 0.3650000 0.0364000 403.0 0.0812000 16.1662006 -40.0000000 135.924347 94.458557 177.390121
0.0689000 1.2086000 0.3643000 0.0065000 0.0085000 132.9290009 24.4503994 46.3552017 91.7948990 392.3002930 0.1049000 0.3650000 0.0364000 443.0 0.0812000 16.1662006 -40.0000000 134.863907 90.236862 179.490692
0.0689000 1.2086000 0.3643000 0.0065000 0.0085000 132.9290009 24.4503994 46.3552017 91.7948990 392.3002930 0.1049000 0.3650000 0.0364000 483.0 0.0812000 16.1662006 -40.0000000 133.623245 85.687019 181.559235
0.0689000 1.2086000 0.3643000 0.0065000 0.0085000 132.9290009 24.4503994 46.3552017 91.7948990 392.3002930 0.1049000 0.3650000 0.0364000 523.0 0.0812000 16.1662006 -40.0000000 132.140015 80.778198 183.501602
0.0689000 1.2086000 0.3643000 0.0065000 0.0085000 132.9290009 24.4503994 46.3552017 91.7948990 392.3002930 0.1049000 0.3650000 0.0364000 563.0 0.0812000 16.1662006 -40.0000000 130.400330 75.547447 185.253220
0.0689000 1.2086000 0.3643000 0.0065000 0.0085000 132.9290009 24.4503994 46.3552017 91.7948990 392.3002930 0.1049000 0.3650000 0.0364000 603.0 0.0812000 16.1662006 -40.0000000 128.427399 70.066940 186.787842
0.0689000 1.2086000 0.3643000 0.0065000 0.0085000 132.9290009 24.4503994 46.3552017 91.7948990 392.3002930 0.1049000 0.3650000 0.0364000 643.0 0.0812000 16.1662006 -40.0000000 126.261093 64.411240 188.110703
0.0689000 1.2086000 0.3643000 0.0065000 0.0085000 132.9290009 24.4503994 46.3552017 91.7948990 392.3002930 0.1049000 0.3650000 0.0364000 683.0 0.0812000 16.1662006 -40.0000000 123.941841 58.642738 189.241180
0.0689000 1.2086000 0.3643000 0.0065000 0.0085000 132.9290009 24.4503994 46.3552017 91.7948990 392.3002930 0.1049000 0.3650000 0.0364000 723.0 0.0812000 16.1662006 -40.0000000 121.501884 52.803249 190.200760
0.0689000 1.2086000 0.3643000 0.0065000 0.0085000 132.9290009 24.4503994 46.3552017 91.7948990 392.3002930 0.1049000 0.3650000 0.0364000 763.0 0.0812000 16.1662006 -40.0000000 118.960602 46.914047 191.007141
0.0689000 1.2086000 0.3643000 0.0065000 0.0085000 132.9290009 24.4503994 46.3552017 91.7948990 392.3002930 0.1049000 0.3650000 0.0364000 803.0 0.0812000 16.1662006 -40.0000000 116.325867 40.981590 191.670135
0.0689000 1.2086000 0.3643000 0.0065000 0.0085000 132.9290009 24.4503994 46.3552017 91.7948990 392.3002930 0.1049000 0.3650000 0.0364000 840.0000000 0.0812000 16.1662006 -40.0000000 113.805611 35.451134 192.160080
