C(%) Mn(%) Si(%) S(%) P(%) Ti(ppm) B(ppm) Al(ppm) N(ppm) O(ppm) Cr(%) Ni(%) Mo(%) V(ppm) Cu(%) Nb(ppm) Temp(Curve) Predicted Pred-err Pred+err
0.0689000 1.2086000 0.3643000 0.0065000 0.0085000 250 5 300 55 392.3002930 0.1049000 0.3650000 0.0364000 33.1957016 0.0812000 16.1662006 -120.0 2.147918 -12.674864 16.970699
0.0689000 1.2086000 0.3643000 0.0065000 0.0085000 250 5 300 55 392.3002930 0.1049000 0.3650000 0.0364000 33.1957016 0.0812000 16.1662006 -115.0 1.362327 -12.399541 15.124181
0.0689000 1.2086000 0.3643000 0.0065000 0.0085000 250 5 300 55 392.3002930 0.1049000 0.3650000 0.0364000 33.1957016 0.0812000 16.1662006 -110.0 1.134321 -11.988215 14.256616
0.0689000 1.2086000 0.3643000 0.0065000 0.0085000 250 5 300 55 392.3002930 0.1049000 0.3650000 0.0364000 33.1957016 0.0812000 16.1662006 -105.0 1.758823 -11.032455 14.550108
0.0689000 1.2086000 0.3643000 0.0065000 0.0085000 250 5 300 55 392.3002930 0.1049000 0.3650000 0.0364000 33.1957016 0.0812000 16.1662006 -100.0 3.575225 -9.007414 16.157621
0.0689000 1.2086000 0.3643000 0.0065000 0.0085000 250 5 300 55 392.3002930 0.1049000 0.3650000 0.0364000 33.1957016 0.0812000 16.1662006 -95.0 6.940584 -5.402573 19.283978
0.0689000 1.2086000 0.3643000 0.0065000 0.0085000 250 5 300 55 392.3002930 0.1049000 0.3650000 0.0364000 33.1957016 0.0812000 16.1662006 -90.0 12.187833 0.157521 24.218130
0.0689000 1.2086000 0.3643000 0.0065000 0.0085000 250 5 300 55 392.3002930 0.1049000 0.3650000 0.0364000 33.1957016 0.0812000 16.1662006 -85.0 19.563610 7.839704 31.287756
0.0689000 1.2086000 0.3643000 0.0065000 0.0085000 250 5 300 55 392.3002930 0.1049000 0.3650000 0.0364000 33.1957016 0.0812000 16.1662006 -80.0 29.163046 17.587793 40.738293
0.0689000 1.2086000 0.3643000 0.0065000 0.0085000 250 5 300 55 392.3002930 0.1049000 0.3650000 0.0364000 33.1957016 0.0812000 16.1662006 -75.0 40.877869 29.174992 52.580742
0.0689000 1.2086000 0.3643000 0.0065000 0.0085000 250 5 300 55 392.3002930 0.1049000 0.3650000 0.0364000 33.1957016 0.0812000 16.1662006 -70.0 54.389729 42.280075 66.499626
0.0689000 1.2086000 0.3643000 0.0065000 0.0085000 250 5 300 55 392.3002930 0.1049000 0.3650000 0.0364000 33.1957016 0.0812000 16.1662006 -65.0 69.212273 56.514206 81.910583
0.0689000 1.2086000 0.3643000 0.0065000 0.0085000 250 5 300 55 392.3002930 0.1049000 0.3650000 0.0364000 33.1957016 0.0812000 16.1662006 -60.0 84.762329 71.399361 98.125298
0.0689000 1.2086000 0.3643000 0.0065000 0.0085000 250 5 300 55 392.3002930 0.1049000 0.3650000 0.0364000 33.1957016 0.0812000 16.1662006 -55.0 100.437622 86.385620 114.489388
0.0689000 1.2086000 0.3643000 0.0065000 0.0085000 250 5 300 55 392.3002930 0.1049000 0.3650000 0.0364000 33.1957016 0.0812000 16.1662006 -50.0 115.682236 100.936172 130.428543
0.0689000 1.2086000 0.3643000 0.0065000 0.0085000 250 5 300 55 392.3002930 0.1049000 0.3650000 0.0364000 33.1957016 0.0812000 16.1662006 -45.0 130.032043 114.618927 145.445145
0.0689000 1.2086000 0.3643000 0.0065000 0.0085000 250 5 300 55 392.3002930 0.1049000 0.3650000 0.0364000 33.1957016 0.0812000 16.1662006 -40.0 143.138794 127.148743 159.128616
0.0689000 1.2086000 0.3643000 0.0065000 0.0085000 250 5 300 55 392.3002930 0.1049000 0.3650000 0.0364000 33.1957016 0.0812000 16.1662006 -35.0 154.776428 138.369553 171.183289
0.0689000 1.2086000 0.3643000 0.0065000 0.0085000 250 5 300 55 392.3002930 0.1049000 0.3650000 0.0364000 33.1957016 0.0812000 16.1662006 -30.0 164.832352 148.218018 181.446426
0.0689000 1.2086000 0.3643000 0.0065000 0.0085000 250 5 300 55 392.3002930 0.1049000 0.3650000 0.0364000 33.1957016 0.0812000 16.1662006 -25.0 173.289612 156.697510 189.881699
0.0689000 1.2086000 0.3643000 0.0065000 0.0085000 250 5 300 55 392.3002930 0.1049000 0.3650000 0.0364000 33.1957016 0.0812000 16.1662006 -20.0 180.208649 163.862732 196.554581
0.0689000 1.2086000 0.3643000 0.0065000 0.0085000 250 5 300 55 392.3002930 0.1049000 0.3650000 0.0364000 33.1957016 0.0812000 16.1662006 -15.0 185.708054 169.809525 201.606323
0.0689000 1.2086000 0.3643000 0.0065000 0.0085000 250 5 300 55 392.3002930 0.1049000 0.3650000 0.0364000 33.1957016 0.0812000 16.1662006 -10.0 189.946701 174.664566 205.228607
0.0689000 1.2086000 0.3643000 0.0065000 0.0085000 250 5 300 55 392.3002930 0.1049000 0.3650000 0.0364000 33.1957016 0.0812000 16.1662006 -5.0 193.107956 178.571976 207.643936
0.0689000 1.2086000 0.3643000 0.0065000 0.0085000 250 5 300 55 392.3002930 0.1049000 0.3650000 0.0364000 33.1957016 0.0812000 16.1662006 0.0 195.383240 181.677078 209.089172
0.0689000 1.2086000 0.3643000 0.0065000 0.0085000 250 5 300 55 392.3002930 0.1049000 0.3650000 0.0364000 33.1957016 0.0812000 16.1662006 5.0 196.957291 184.114151 209.800430
0.0689000 1.2086000 0.3643000 0.0065000 0.0085000 250 5 300 55 392.3002930 0.1049000 0.3650000 0.0364000 33.1957016 0.0812000 16.1662006 10.0 198.000061 185.997223 210.003113
0.0689000 1.2086000 0.3643000 0.0065000 0.0085000 250 5 300 55 392.3002930 0.1049000 0.3650000 0.0364000 33.1957016 0.0812000 16.1662006 15.0 198.659698 187.414505 209.905121
0.0689000 1.2086000 0.3643000 0.0065000 0.0085000 250 5 300 55 392.3002930 0.1049000 0.3650000 0.0364000 33.1957016 0.0812000 16.1662006 20.0 199.060501 188.427139 209.693848
0.0689000 1.2086000 0.3643000 0.0065000 0.0085000 250 5 300 55 392.3002930 0.1049000 0.3650000 0.0364000 33.1957016 0.0812000 16.1662006 25.0 199.302597 189.073639 209.531555
0.0689000 1.2086000 0.3643000 0.0065000 0.0085000 250 5 300 55 392.3002930 0.1049000 0.3650000 0.0364000 33.1957016 0.0812000 16.1662006 30.0 199.464645 189.380997 209.548538
0.0689000 1.2086000 0.3643000 0.0065000 0.0085000 250 5 300 55 392.3002930 0.1049000 0.3650000 0.0364000 33.1957016 0.0812000 16.1662006 35.0 199.606613 189.380280 209.833176
0.0689000 1.2086000 0.3643000 0.0065000 0.0085000 250 5 300 55 392.3002930 0.1049000 0.3650000 0.0364000 33.1957016 0.0812000 16.1662006 40.0 199.771042 189.118820 210.423508
