C(%) Mn(%) Si(%) S(%) P(%) Ti(ppm) B(ppm) Al(ppm) N(ppm) O(ppm) Cr(%) Ni(%) Mo(%) V(ppm) Cu(%) Nb(ppm) Temp(Curve) Predicted Pred-err Pred+err
0.0689000 0.66 0.3643000 0.0065000 0.0085000 28 24.4503994 46.3552017 91.7948990 392.3002930 0.1049000 0.3650000 0.0364000 33.1957016 0.0812000 16.1662006 -120.0 -4.269471 -19.328629 10.789921
0.0689000 0.66 0.3643000 0.0065000 0.0085000 28 24.4503994 46.3552017 91.7948990 392.3002930 0.1049000 0.3650000 0.0364000 33.1957016 0.0812000 16.1662006 -115.0 -3.061081 -18.454367 12.331947
0.0689000 0.66 0.3643000 0.0065000 0.0085000 28 24.4503994 46.3552017 91.7948990 392.3002930 0.1049000 0.3650000 0.0364000 33.1957016 0.0812000 16.1662006 -110.0 -1.542239 -17.325083 14.240603
0.0689000 0.66 0.3643000 0.0065000 0.0085000 28 24.4503994 46.3552017 91.7948990 392.3002930 0.1049000 0.3650000 0.0364000 33.1957016 0.0812000 16.1662006 -105.0 0.401062 -15.877938 16.679834
0.0689000 0.66 0.3643000 0.0065000 0.0085000 28 24.4503994 46.3552017 91.7948990 392.3002930 0.1049000 0.3650000 0.0364000 33.1957016 0.0812000 16.1662006 -100.0 2.948330 -13.941560 19.838455
0.0689000 0.66 0.3643000 0.0065000 0.0085000 28 24.4503994 46.3552017 91.7948990 392.3002930 0.1049000 0.3650000 0.0364000 33.1957016 0.0812000 16.1662006 -95.0 6.348341 -11.226765 23.923447
0.0689000 0.66 0.3643000 0.0065000 0.0085000 28 24.4503994 46.3552017 91.7948990 392.3002930 0.1049000 0.3650000 0.0364000 33.1957016 0.0812000 16.1662006 -90.0 10.903686 -7.351131 29.158743
0.0689000 0.66 0.3643000 0.0065000 0.0085000 28 24.4503994 46.3552017 91.7948990 392.3002930 0.1049000 0.3650000 0.0364000 33.1957016 0.0812000 16.1662006 -85.0 16.938675 -1.894289 35.771397
0.0689000 0.66 0.3643000 0.0065000 0.0085000 28 24.4503994 46.3552017 91.7948990 392.3002930 0.1049000 0.3650000 0.0364000 33.1957016 0.0812000 16.1662006 -80.0 24.745848 5.535742 43.955711
0.0689000 0.66 0.3643000 0.0065000 0.0085000 28 24.4503994 46.3552017 91.7948990 392.3002930 0.1049000 0.3650000 0.0364000 33.1957016 0.0812000 16.1662006 -75.0 34.523815 15.228145 53.819717
0.0689000 0.66 0.3643000 0.0065000 0.0085000 28 24.4503994 46.3552017 91.7948990 392.3002930 0.1049000 0.3650000 0.0364000 33.1957016 0.0812000 16.1662006 -70.0 46.317024 27.296215 65.337845
0.0689000 0.66 0.3643000 0.0065000 0.0085000 28 24.4503994 46.3552017 91.7948990 392.3002930 0.1049000 0.3650000 0.0364000 33.1957016 0.0812000 16.1662006 -65.0 59.972771 41.616135 78.329407
0.0689000 0.66 0.3643000 0.0065000 0.0085000 28 24.4503994 46.3552017 91.7948990 392.3002930 0.1049000 0.3650000 0.0364000 33.1957016 0.0812000 16.1662006 -60.0 75.133736 57.795959 92.471275
0.0689000 0.66 0.3643000 0.0065000 0.0085000 28 24.4503994 46.3552017 91.7948990 392.3002930 0.1049000 0.3650000 0.0364000 33.1957016 0.0812000 16.1662006 -55.0 91.264801 75.182732 107.346870
0.0689000 0.66 0.3643000 0.0065000 0.0085000 28 24.4503994 46.3552017 91.7948990 392.3002930 0.1049000 0.3650000 0.0364000 33.1957016 0.0812000 16.1662006 -50.0 107.712784 92.911987 122.513573
0.0689000 0.66 0.3643000 0.0065000 0.0085000 28 24.4503994 46.3552017 91.7948990 392.3002930 0.1049000 0.3650000 0.0364000 33.1957016 0.0812000 16.1662006 -45.0 123.783859 110.010048 137.557434
0.0689000 0.66 0.3643000 0.0065000 0.0085000 28 24.4503994 46.3552017 91.7948990 392.3002930 0.1049000 0.3650000 0.0364000 33.1957016 0.0812000 16.1662006 -40.0 138.828674 125.563454 152.093887
0.0689000 0.66 0.3643000 0.0065000 0.0085000 28 24.4503994 46.3552017 91.7948990 392.3002930 0.1049000 0.3650000 0.0364000 33.1957016 0.0812000 16.1662006 -35.0 152.318542 138.911362 165.725967
0.0689000 0.66 0.3643000 0.0065000 0.0085000 28 24.4503994 46.3552017 91.7948990 392.3002930 0.1049000 0.3650000 0.0364000 33.1957016 0.0812000 16.1662006 -30.0 163.894516 149.750732 178.038300
0.0689000 0.66 0.3643000 0.0065000 0.0085000 28 24.4503994 46.3552017 91.7948990 392.3002930 0.1049000 0.3650000 0.0364000 33.1957016 0.0812000 16.1662006 -25.0 173.383530 158.090637 188.676178
0.0689000 0.66 0.3643000 0.0065000 0.0085000 28 24.4503994 46.3552017 91.7948990 392.3002930 0.1049000 0.3650000 0.0364000 33.1957016 0.0812000 16.1662006 -20.0 180.782730 164.138535 197.426926
0.0689000 0.66 0.3643000 0.0065000 0.0085000 28 24.4503994 46.3552017 91.7948990 392.3002930 0.1049000 0.3650000 0.0364000 33.1957016 0.0812000 16.1662006 -15.0 186.224289 168.213486 204.235321
0.0689000 0.66 0.3643000 0.0065000 0.0085000 28 24.4503994 46.3552017 91.7948990 392.3002930 0.1049000 0.3650000 0.0364000 33.1957016 0.0812000 16.1662006 -10.0 189.926865 170.686172 209.167328
0.0689000 0.66 0.3643000 0.0065000 0.0085000 28 24.4503994 46.3552017 91.7948990 392.3002930 0.1049000 0.3650000 0.0364000 33.1957016 0.0812000 16.1662006 -5.0 192.149811 171.930405 212.369202
0.0689000 0.66 0.3643000 0.0065000 0.0085000 28 24.4503994 46.3552017 91.7948990 392.3002930 0.1049000 0.3650000 0.0364000 33.1957016 0.0812000 16.1662006 0.0 193.158875 172.282227 214.035522
0.0689000 0.66 0.3643000 0.0065000 0.0085000 28 24.4503994 46.3552017 91.7948990 392.3002930 0.1049000 0.3650000 0.0364000 33.1957016 0.0812000 16.1662006 5.0 193.204041 172.016220 214.391632
0.0689000 0.66 0.3643000 0.0065000 0.0085000 28 24.4503994 46.3552017 91.7948990 392.3002930 0.1049000 0.3650000 0.0364000 33.1957016 0.0812000 16.1662006 10.0 192.511658 171.342239 213.681076
0.0689000 0.66 0.3643000 0.0065000 0.0085000 28 24.4503994 46.3552017 91.7948990 392.3002930 0.1049000 0.3650000 0.0364000 33.1957016 0.0812000 16.1662006 15.0 191.285110 170.409653 212.160324
0.0689000 0.66 0.3643000 0.0065000 0.0085000 28 24.4503994 46.3552017 91.7948990 392.3002930 0.1049000 0.3650000 0.0364000 33.1957016 0.0812000 16.1662006 20.0 189.706512 169.320053 210.093216
0.0689000 0.66 0.3643000 0.0065000 0.0085000 28 24.4503994 46.3552017 91.7948990 392.3002930 0.1049000 0.3650000 0.0364000 33.1957016 0.0812000 16.1662006 25.0 187.941025 168.136520 207.745758
0.0689000 0.66 0.3643000 0.0065000 0.0085000 28 24.4503994 46.3552017 91.7948990 392.3002930 0.1049000 0.3650000 0.0364000 33.1957016 0.0812000 16.1662006 30.0 186.136093 166.894913 205.377258
0.0689000 0.66 0.3643000 0.0065000 0.0085000 28 24.4503994 46.3552017 91.7948990 392.3002930 0.1049000 0.3650000 0.0364000 33.1957016 0.0812000 16.1662006 35.0 184.419113 165.613159 203.225067
0.0689000 0.66 0.3643000 0.0065000 0.0085000 28 24.4503994 46.3552017 91.7948990 392.3002930 0.1049000 0.3650000 0.0364000 33.1957016 0.0812000 16.1662006 40.0 182.894531 164.302002 201.486816
