C(%) Mn(%) Si(%) S(%) P(%) Ti(ppm) B(ppm) Al(ppm) N(ppm) O(ppm) Cr(%) Ni(%) Mo(%) V(ppm) Cu(%) Nb(ppm) Temp(Curve) Predicted Pred-err Pred+err
0.0689000 1.2086000 0.3643000 0.0065000 0.0085000 28 5 300 55 392.3002930 0.1049000 0.3650000 0.0364000 33.1957016 0.0812000 16.1662006 -120.0 11.377142 -1.777903 24.532179
0.0689000 1.2086000 0.3643000 0.0065000 0.0085000 28 5 300 55 392.3002930 0.1049000 0.3650000 0.0364000 33.1957016 0.0812000 16.1662006 -115.0 11.074809 -1.161044 23.310648
0.0689000 1.2086000 0.3643000 0.0065000 0.0085000 28 5 300 55 392.3002930 0.1049000 0.3650000 0.0364000 33.1957016 0.0812000 16.1662006 -110.0 11.390760 0.024881 22.756405
0.0689000 1.2086000 0.3643000 0.0065000 0.0085000 28 5 300 55 392.3002930 0.1049000 0.3650000 0.0364000 33.1957016 0.0812000 16.1662006 -105.0 12.662721 2.130951 23.194733
0.0689000 1.2086000 0.3643000 0.0065000 0.0085000 28 5 300 55 392.3002930 0.1049000 0.3650000 0.0364000 33.1957016 0.0812000 16.1662006 -100.0 15.274514 5.591193 24.957836
0.0689000 1.2086000 0.3643000 0.0065000 0.0085000 28 5 300 55 392.3002930 0.1049000 0.3650000 0.0364000 33.1957016 0.0812000 16.1662006 -95.0 19.594202 10.826724 28.361679
0.0689000 1.2086000 0.3643000 0.0065000 0.0085000 28 5 300 55 392.3002930 0.1049000 0.3650000 0.0364000 33.1957016 0.0812000 16.1662006 -90.0 25.899021 18.107618 33.690182
0.0689000 1.2086000 0.3643000 0.0065000 0.0085000 28 5 300 55 392.3002930 0.1049000 0.3650000 0.0364000 33.1957016 0.0812000 16.1662006 -85.0 34.303696 27.415955 41.191677
0.0689000 1.2086000 0.3643000 0.0065000 0.0085000 28 5 300 55 392.3002930 0.1049000 0.3650000 0.0364000 33.1957016 0.0812000 16.1662006 -80.0 44.721943 38.380554 51.063332
0.0689000 1.2086000 0.3643000 0.0065000 0.0085000 28 5 300 55 392.3002930 0.1049000 0.3650000 0.0364000 33.1957016 0.0812000 16.1662006 -75.0 56.868397 50.414207 63.322598
0.0689000 1.2086000 0.3643000 0.0065000 0.0085000 28 5 300 55 392.3002930 0.1049000 0.3650000 0.0364000 33.1957016 0.0812000 16.1662006 -70.0 70.305222 63.043205 77.567474
0.0689000 1.2086000 0.3643000 0.0065000 0.0085000 28 5 300 55 392.3002930 0.1049000 0.3650000 0.0364000 33.1957016 0.0812000 16.1662006 -65.0 84.511375 75.985535 93.036987
0.0689000 1.2086000 0.3643000 0.0065000 0.0085000 28 5 300 55 392.3002930 0.1049000 0.3650000 0.0364000 33.1957016 0.0812000 16.1662006 -60.0 98.952240 88.961319 108.943153
0.0689000 1.2086000 0.3643000 0.0065000 0.0085000 28 5 300 55 392.3002930 0.1049000 0.3650000 0.0364000 33.1957016 0.0812000 16.1662006 -55.0 113.133301 101.642899 124.623466
0.0689000 1.2086000 0.3643000 0.0065000 0.0085000 28 5 300 55 392.3002930 0.1049000 0.3650000 0.0364000 33.1957016 0.0812000 16.1662006 -50.0 126.631546 113.728416 139.534912
0.0689000 1.2086000 0.3643000 0.0065000 0.0085000 28 5 300 55 392.3002930 0.1049000 0.3650000 0.0364000 33.1957016 0.0812000 16.1662006 -45.0 139.113556 124.994873 153.232239
0.0689000 1.2086000 0.3643000 0.0065000 0.0085000 28 5 300 55 392.3002930 0.1049000 0.3650000 0.0364000 33.1957016 0.0812000 16.1662006 -40.0 150.342255 135.304138 165.380142
0.0689000 1.2086000 0.3643000 0.0065000 0.0085000 28 5 300 55 392.3002930 0.1049000 0.3650000 0.0364000 33.1957016 0.0812000 16.1662006 -35.0 160.178787 144.582840 175.774490
0.0689000 1.2086000 0.3643000 0.0065000 0.0085000 28 5 300 55 392.3002930 0.1049000 0.3650000 0.0364000 33.1957016 0.0812000 16.1662006 -30.0 168.578674 152.802765 184.354828
0.0689000 1.2086000 0.3643000 0.0065000 0.0085000 28 5 300 55 392.3002930 0.1049000 0.3650000 0.0364000 33.1957016 0.0812000 16.1662006 -25.0 175.582336 159.968704 191.195953
0.0689000 1.2086000 0.3643000 0.0065000 0.0085000 28 5 300 55 392.3002930 0.1049000 0.3650000 0.0364000 33.1957016 0.0812000 16.1662006 -20.0 181.296814 166.112198 196.481445
0.0689000 1.2086000 0.3643000 0.0065000 0.0085000 28 5 300 55 392.3002930 0.1049000 0.3650000 0.0364000 33.1957016 0.0812000 16.1662006 -15.0 185.875351 171.286545 200.464142
0.0689000 1.2086000 0.3643000 0.0065000 0.0085000 28 5 300 55 392.3002930 0.1049000 0.3650000 0.0364000 33.1957016 0.0812000 16.1662006 -10.0 189.493805 175.567505 203.420090
0.0689000 1.2086000 0.3643000 0.0065000 0.0085000 28 5 300 55 392.3002930 0.1049000 0.3650000 0.0364000 33.1957016 0.0812000 16.1662006 -5.0 192.329300 179.050705 205.607895
0.0689000 1.2086000 0.3643000 0.0065000 0.0085000 28 5 300 55 392.3002930 0.1049000 0.3650000 0.0364000 33.1957016 0.0812000 16.1662006 0.0 194.546265 181.846283 207.246002
0.0689000 1.2086000 0.3643000 0.0065000 0.0085000 28 5 300 55 392.3002930 0.1049000 0.3650000 0.0364000 33.1957016 0.0812000 16.1662006 5.0 196.287140 184.068497 208.506012
0.0689000 1.2086000 0.3643000 0.0065000 0.0085000 28 5 300 55 392.3002930 0.1049000 0.3650000 0.0364000 33.1957016 0.0812000 16.1662006 10.0 197.671906 185.819656 209.524399
0.0689000 1.2086000 0.3643000 0.0065000 0.0085000 28 5 300 55 392.3002930 0.1049000 0.3650000 0.0364000 33.1957016 0.0812000 16.1662006 15.0 198.798080 187.178848 210.417542
0.0689000 1.2086000 0.3643000 0.0065000 0.0085000 28 5 300 55 392.3002930 0.1049000 0.3650000 0.0364000 33.1957016 0.0812000 16.1662006 20.0 199.744278 188.196747 211.291565
0.0689000 1.2086000 0.3643000 0.0065000 0.0085000 28 5 300 55 392.3002930 0.1049000 0.3650000 0.0364000 33.1957016 0.0812000 16.1662006 25.0 200.572647 188.900131 212.244934
0.0689000 1.2086000 0.3643000 0.0065000 0.0085000 28 5 300 55 392.3002930 0.1049000 0.3650000 0.0364000 33.1957016 0.0812000 16.1662006 30.0 201.332184 189.306427 213.357712
0.0689000 1.2086000 0.3643000 0.0065000 0.0085000 28 5 300 55 392.3002930 0.1049000 0.3650000 0.0364000 33.1957016 0.0812000 16.1662006 35.0 202.060181 189.436920 214.683456
0.0689000 1.2086000 0.3643000 0.0065000 0.0085000 28 5 300 55 392.3002930 0.1049000 0.3650000 0.0364000 33.1957016 0.0812000 16.1662006 40.0 202.783157 189.325073 216.241486
