C(%) Mn(%) Si(%) S(%) P(%) Ti(ppm) B(ppm) Al(ppm) N(ppm) O(ppm) Cr(%) Ni(%) Mo(%) V(ppm) Cu(%) Nb(ppm) Temp(Curve) Predicted Pred-err Pred+err
0.0689000 1.2086000 0.3643000 0.0065000 0.0085000 132.9290009 24.4503994 46.3552017 91.7948990 392.3002930 0.1049000 0.3650000 0.0364000 33.1957016 0.02 16.1662006 -40.0000000 139.463455 128.163773 150.762894
0.0689000 1.2086000 0.3643000 0.0065000 0.0085000 132.9290009 24.4503994 46.3552017 91.7948990 392.3002930 0.1049000 0.3650000 0.0364000 33.1957016 0.12000000000000001 16.1662006 -40.0000000 144.818970 132.787231 156.850464
0.0689000 1.2086000 0.3643000 0.0065000 0.0085000 132.9290009 24.4503994 46.3552017 91.7948990 392.3002930 0.1049000 0.3650000 0.0364000 33.1957016 0.22 16.1662006 -40.0000000 148.798325 135.449448 162.146942
0.0689000 1.2086000 0.3643000 0.0065000 0.0085000 132.9290009 24.4503994 46.3552017 91.7948990 392.3002930 0.1049000 0.3650000 0.0364000 33.1957016 0.32000000000000006 16.1662006 -40.0000000 151.519333 136.282608 166.756302
0.0689000 1.2086000 0.3643000 0.0065000 0.0085000 132.9290009 24.4503994 46.3552017 91.7948990 392.3002930 0.1049000 0.3650000 0.0364000 33.1957016 0.42000000000000004 16.1662006 -40.0000000 153.073303 135.473831 170.672546
0.0689000 1.2086000 0.3643000 0.0065000 0.0085000 132.9290009 24.4503994 46.3552017 91.7948990 392.3002930 0.1049000 0.3650000 0.0364000 33.1957016 0.52 16.1662006 -40.0000000 153.502792 133.228424 173.777161
0.0689000 1.2086000 0.3643000 0.0065000 0.0085000 132.9290009 24.4503994 46.3552017 91.7948990 392.3002930 0.1049000 0.3650000 0.0364000 33.1957016 0.6200000000000001 16.1662006 -40.0000000 152.806595 129.712738 175.900436
0.0689000 1.2086000 0.3643000 0.0065000 0.0085000 132.9290009 24.4503994 46.3552017 91.7948990 392.3002930 0.1049000 0.3650000 0.0364000 33.1957016 0.7200000000000001 16.1662006 -40.0000000 150.953857 125.038612 176.868866
0.0689000 1.2086000 0.3643000 0.0065000 0.0085000 132.9290009 24.4503994 46.3552017 91.7948990 392.3002930 0.1049000 0.3650000 0.0364000 33.1957016 0.8200000000000001 16.1662006 -40.0000000 147.910904 119.277512 176.544312
0.0689000 1.2086000 0.3643000 0.0065000 0.0085000 132.9290009 24.4503994 46.3552017 91.7948990 392.3002930 0.1049000 0.3650000 0.0364000 33.1957016 0.92 16.1662006 -40.0000000 143.669373 112.484894 174.854095
0.0689000 1.2086000 0.3643000 0.0065000 0.0085000 132.9290009 24.4503994 46.3552017 91.7948990 392.3002930 0.1049000 0.3650000 0.0364000 33.1957016 1.02 16.1662006 -40.0000000 138.267029 104.730537 171.803497
0.0689000 1.2086000 0.3643000 0.0065000 0.0085000 132.9290009 24.4503994 46.3552017 91.7948990 392.3002930 0.1049000 0.3650000 0.0364000 33.1957016 1.12 16.1662006 -40.0000000 131.791550 96.116501 167.466614
0.0689000 1.2086000 0.3643000 0.0065000 0.0085000 132.9290009 24.4503994 46.3552017 91.7948990 392.3002930 0.1049000 0.3650000 0.0364000 33.1957016 1.2200000000000002 16.1662006 -40.0000000 124.378731 86.787613 161.969604
0.0689000 1.2086000 0.3643000 0.0065000 0.0085000 132.9290009 24.4503994 46.3552017 91.7948990 392.3002930 0.1049000 0.3650000 0.0364000 33.1957016 1.32 16.1662006 -40.0000000 116.199432 76.930779 155.468323
0.0689000 1.2086000 0.3643000 0.0065000 0.0085000 132.9290009 24.4503994 46.3552017 91.7948990 392.3002930 0.1049000 0.3650000 0.0364000 33.1957016 1.4200000000000002 16.1662006 -40.0000000 107.445343 66.763000 148.127686
0.0689000 1.2086000 0.3643000 0.0065000 0.0085000 132.9290009 24.4503994 46.3552017 91.7948990 392.3002930 0.1049000 0.3650000 0.0364000 33.1957016 1.52 16.1662006 -40.0000000 98.305740 56.507751 140.103973
0.0689000 1.2086000 0.3643000 0.0065000 0.0085000 132.9290009 24.4503994 46.3552017 91.7948990 392.3002930 0.1049000 0.3650000 0.0364000 33.1957016 1.62 16.1662006 -40.0000000 88.949608 46.363873 131.535110
0.0689000 1.2086000 0.3643000 0.0065000 0.0085000 132.9290009 24.4503994 46.3552017 91.7948990 392.3002930 0.1049000 0.3650000 0.0364000 33.1957016 1.7200000000000002 16.1662006 -40.0000000 79.509590 36.476440 122.542732
0.0689000 1.2086000 0.3643000 0.0065000 0.0085000 132.9290009 24.4503994 46.3552017 91.7948990 392.3002930 0.1049000 0.3650000 0.0364000 33.1957016 1.82 16.1662006 -40.0000000 70.080322 26.924805 113.235832
0.0689000 1.2086000 0.3643000 0.0065000 0.0085000 132.9290009 24.4503994 46.3552017 91.7948990 392.3002930 0.1049000 0.3650000 0.0364000 33.1957016 1.9200000000000002 16.1662006 -40.0000000 60.722034 17.726892 103.716942
0.0689000 1.2086000 0.3643000 0.0065000 0.0085000 132.9290009 24.4503994 46.3552017 91.7948990 392.3002930 0.1049000 0.3650000 0.0364000 33.1957016 2.02 16.1662006 -40.0000000 51.469391 8.854733 94.084045
0.0689000 1.2086000 0.3643000 0.0065000 0.0085000 132.9290009 24.4503994 46.3552017 91.7948990 392.3002930 0.1049000 0.3650000 0.0364000 33.1957016 2.0400000 16.1662006 -40.0000000 49.633396 7.114579 92.151970
