C(%) Mn(%) Si(%) S(%) P(%) Ti(ppm) B(ppm) Al(ppm) N(ppm) O(ppm) Cr(%) Ni(%) Mo(%) V(ppm) Cu(%) Nb(ppm) Temp(Curve) Predicted Pred-err Pred+err
0.0689000 1.2086000 0.3643000 0.0065000 0.0085000 28 24.4503994 46.3552017 91.7948990 392.3002930 0.1049000 0.3650000 0.0364000 33.1957016 0.02 16.1662006 -40.0000000 149.582001 140.849182 158.314819
0.0689000 1.2086000 0.3643000 0.0065000 0.0085000 28 24.4503994 46.3552017 91.7948990 392.3002930 0.1049000 0.3650000 0.0364000 33.1957016 0.12000000000000001 16.1662006 -40.0000000 152.504013 143.734863 161.273163
0.0689000 1.2086000 0.3643000 0.0065000 0.0085000 28 24.4503994 46.3552017 91.7948990 392.3002930 0.1049000 0.3650000 0.0364000 33.1957016 0.22 16.1662006 -40.0000000 154.296982 144.580688 164.013062
0.0689000 1.2086000 0.3643000 0.0065000 0.0085000 28 24.4503994 46.3552017 91.7948990 392.3002930 0.1049000 0.3650000 0.0364000 33.1957016 0.32000000000000006 16.1662006 -40.0000000 155.064178 143.677750 166.450623
0.0689000 1.2086000 0.3643000 0.0065000 0.0085000 28 24.4503994 46.3552017 91.7948990 392.3002930 0.1049000 0.3650000 0.0364000 33.1957016 0.42000000000000004 16.1662006 -40.0000000 154.866531 141.356094 168.377197
0.0689000 1.2086000 0.3643000 0.0065000 0.0085000 28 24.4503994 46.3552017 91.7948990 392.3002930 0.1049000 0.3650000 0.0364000 33.1957016 0.52 16.1662006 -40.0000000 153.727219 137.842560 169.611862
0.0689000 1.2086000 0.3643000 0.0065000 0.0085000 28 24.4503994 46.3552017 91.7948990 392.3002930 0.1049000 0.3650000 0.0364000 33.1957016 0.6200000000000001 16.1662006 -40.0000000 151.646957 133.254471 170.039200
0.0689000 1.2086000 0.3643000 0.0065000 0.0085000 28 24.4503994 46.3552017 91.7948990 392.3002930 0.1049000 0.3650000 0.0364000 33.1957016 0.7200000000000001 16.1662006 -40.0000000 148.618591 127.643951 169.593231
0.0689000 1.2086000 0.3643000 0.0065000 0.0085000 28 24.4503994 46.3552017 91.7948990 392.3002930 0.1049000 0.3650000 0.0364000 33.1957016 0.8200000000000001 16.1662006 -40.0000000 144.639954 121.036552 168.243362
0.0689000 1.2086000 0.3643000 0.0065000 0.0085000 28 24.4503994 46.3552017 91.7948990 392.3002930 0.1049000 0.3650000 0.0364000 33.1957016 0.92 16.1662006 -40.0000000 139.720139 113.452370 165.987671
0.0689000 1.2086000 0.3643000 0.0065000 0.0085000 28 24.4503994 46.3552017 91.7948990 392.3002930 0.1049000 0.3650000 0.0364000 33.1957016 1.02 16.1662006 -40.0000000 133.884720 104.916725 162.852707
0.0689000 1.2086000 0.3643000 0.0065000 0.0085000 28 24.4503994 46.3552017 91.7948990 392.3002930 0.1049000 0.3650000 0.0364000 33.1957016 1.12 16.1662006 -40.0000000 127.180054 95.467140 158.892960
0.0689000 1.2086000 0.3643000 0.0065000 0.0085000 28 24.4503994 46.3552017 91.7948990 392.3002930 0.1049000 0.3650000 0.0364000 33.1957016 1.2200000000000002 16.1662006 -40.0000000 119.677361 85.164330 154.190399
0.0689000 1.2086000 0.3643000 0.0065000 0.0085000 28 24.4503994 46.3552017 91.7948990 392.3002930 0.1049000 0.3650000 0.0364000 33.1957016 1.32 16.1662006 -40.0000000 111.475838 74.103165 148.848267
0.0689000 1.2086000 0.3643000 0.0065000 0.0085000 28 24.4503994 46.3552017 91.7948990 392.3002930 0.1049000 0.3650000 0.0364000 33.1957016 1.4200000000000002 16.1662006 -40.0000000 102.702866 62.424911 142.981064
0.0689000 1.2086000 0.3643000 0.0065000 0.0085000 28 24.4503994 46.3552017 91.7948990 392.3002930 0.1049000 0.3650000 0.0364000 33.1957016 1.52 16.1662006 -40.0000000 93.508057 50.317890 136.698227
0.0689000 1.2086000 0.3643000 0.0065000 0.0085000 28 24.4503994 46.3552017 91.7948990 392.3002930 0.1049000 0.3650000 0.0364000 33.1957016 1.62 16.1662006 -40.0000000 84.046288 38.002220 130.090347
0.0689000 1.2086000 0.3643000 0.0065000 0.0085000 28 24.4503994 46.3552017 91.7948990 392.3002930 0.1049000 0.3650000 0.0364000 33.1957016 1.7200000000000002 16.1662006 -40.0000000 74.459755 25.695154 123.224358
0.0689000 1.2086000 0.3643000 0.0065000 0.0085000 28 24.4503994 46.3552017 91.7948990 392.3002930 0.1049000 0.3650000 0.0364000 33.1957016 1.82 16.1662006 -40.0000000 64.860558 13.575224 116.146133
0.0689000 1.2086000 0.3643000 0.0065000 0.0085000 28 24.4503994 46.3552017 91.7948990 392.3002930 0.1049000 0.3650000 0.0364000 33.1957016 1.9200000000000002 16.1662006 -40.0000000 55.323509 1.757149 108.890099
0.0689000 1.2086000 0.3643000 0.0065000 0.0085000 28 24.4503994 46.3552017 91.7948990 392.3002930 0.1049000 0.3650000 0.0364000 33.1957016 2.02 16.1662006 -40.0000000 45.888977 -9.709831 101.487549
0.0689000 1.2086000 0.3643000 0.0065000 0.0085000 28 24.4503994 46.3552017 91.7948990 392.3002930 0.1049000 0.3650000 0.0364000 33.1957016 2.0400000 16.1662006 -40.0000000 44.015934 -11.960252 99.992363
