C(%) Mn(%) Si(%) S(%) P(%) Ti(ppm) B(ppm) Al(ppm) N(ppm) O(ppm) Cr(%) Ni(%) Mo(%) V(ppm) Cu(%) Nb(ppm) Temp(Curve) Predicted Pred-err Pred+err
0.0689000 1.2086000 0.3643000 0.0065000 0.0085000 132.9290009 24.4503994 46.3552017 91.7948990 392.3002930 0.1049000 0.3650000 0.0364000 33.1957016 0.0812000 3.0 -40.0000000 143.932510 132.431351 155.433670
0.0689000 1.2086000 0.3643000 0.0065000 0.0085000 132.9290009 24.4503994 46.3552017 91.7948990 392.3002930 0.1049000 0.3650000 0.0364000 33.1957016 0.0812000 53.0 -40.0000000 139.891510 127.330139 152.452866
0.0689000 1.2086000 0.3643000 0.0065000 0.0085000 132.9290009 24.4503994 46.3552017 91.7948990 392.3002930 0.1049000 0.3650000 0.0364000 33.1957016 0.0812000 103.0 -40.0000000 135.350266 121.060455 149.640320
0.0689000 1.2086000 0.3643000 0.0065000 0.0085000 132.9290009 24.4503994 46.3552017 91.7948990 392.3002930 0.1049000 0.3650000 0.0364000 33.1957016 0.0812000 153.0 -40.0000000 130.258377 113.974586 146.542160
0.0689000 1.2086000 0.3643000 0.0065000 0.0085000 132.9290009 24.4503994 46.3552017 91.7948990 392.3002930 0.1049000 0.3650000 0.0364000 33.1957016 0.0812000 203.0 -40.0000000 124.657883 106.231697 143.083832
0.0689000 1.2086000 0.3643000 0.0065000 0.0085000 132.9290009 24.4503994 46.3552017 91.7948990 392.3002930 0.1049000 0.3650000 0.0364000 33.1957016 0.0812000 253.0 -40.0000000 118.663284 97.945808 139.380524
0.0689000 1.2086000 0.3643000 0.0065000 0.0085000 132.9290009 24.4503994 46.3552017 91.7948990 392.3002930 0.1049000 0.3650000 0.0364000 33.1957016 0.0812000 303.0 -40.0000000 112.415825 89.226608 135.605042
0.0689000 1.2086000 0.3643000 0.0065000 0.0085000 132.9290009 24.4503994 46.3552017 91.7948990 392.3002930 0.1049000 0.3650000 0.0364000 33.1957016 0.0812000 353.0 -40.0000000 106.044800 80.155128 131.934723
0.0689000 1.2086000 0.3643000 0.0065000 0.0085000 132.9290009 24.4503994 46.3552017 91.7948990 392.3002930 0.1049000 0.3650000 0.0364000 33.1957016 0.0812000 403.0 -40.0000000 99.660156 70.791824 128.528732
0.0689000 1.2086000 0.3643000 0.0065000 0.0085000 132.9290009 24.4503994 46.3552017 91.7948990 392.3002930 0.1049000 0.3650000 0.0364000 33.1957016 0.0812000 453.0 -40.0000000 93.368004 61.220352 125.515892
0.0689000 1.2086000 0.3643000 0.0065000 0.0085000 132.9290009 24.4503994 46.3552017 91.7948990 392.3002930 0.1049000 0.3650000 0.0364000 33.1957016 0.0812000 503.0 -40.0000000 87.280197 51.573357 122.987038
0.0689000 1.2086000 0.3643000 0.0065000 0.0085000 132.9290009 24.4503994 46.3552017 91.7948990 392.3002930 0.1049000 0.3650000 0.0364000 33.1957016 0.0812000 553.0 -40.0000000 81.502136 42.023151 120.981110
0.0689000 1.2086000 0.3643000 0.0065000 0.0085000 132.9290009 24.4503994 46.3552017 91.7948990 392.3002930 0.1049000 0.3650000 0.0364000 33.1957016 0.0812000 603.0 -40.0000000 76.111961 32.755692 119.468239
0.0689000 1.2086000 0.3643000 0.0065000 0.0085000 132.9290009 24.4503994 46.3552017 91.7948990 392.3002930 0.1049000 0.3650000 0.0364000 33.1957016 0.0812000 653.0 -40.0000000 71.145065 23.943996 118.346375
0.0689000 1.2086000 0.3643000 0.0065000 0.0085000 132.9290009 24.4503994 46.3552017 91.7948990 392.3002930 0.1049000 0.3650000 0.0364000 33.1957016 0.0812000 703.0 -40.0000000 66.596657 15.727899 117.465652
0.0689000 1.2086000 0.3643000 0.0065000 0.0085000 132.9290009 24.4503994 46.3552017 91.7948990 392.3002930 0.1049000 0.3650000 0.0364000 33.1957016 0.0812000 753.0 -40.0000000 62.435669 8.202744 116.668350
0.0689000 1.2086000 0.3643000 0.0065000 0.0085000 132.9290009 24.4503994 46.3552017 91.7948990 392.3002930 0.1049000 0.3650000 0.0364000 33.1957016 0.0812000 803.0 -40.0000000 58.619312 1.414901 115.823723
0.0689000 1.2086000 0.3643000 0.0065000 0.0085000 132.9290009 24.4503994 46.3552017 91.7948990 392.3002930 0.1049000 0.3650000 0.0364000 33.1957016 0.0812000 853.0 -40.0000000 55.105293 -4.632034 114.842628
0.0689000 1.2086000 0.3643000 0.0065000 0.0085000 132.9290009 24.4503994 46.3552017 91.7948990 392.3002930 0.1049000 0.3650000 0.0364000 33.1957016 0.0812000 903.0 -40.0000000 51.856094 -9.966279 113.678223
0.0689000 1.2086000 0.3643000 0.0065000 0.0085000 132.9290009 24.4503994 46.3552017 91.7948990 392.3002930 0.1049000 0.3650000 0.0364000 33.1957016 0.0812000 953.0 -40.0000000 48.841110 -14.637297 112.319267
0.0689000 1.2086000 0.3643000 0.0065000 0.0085000 132.9290009 24.4503994 46.3552017 91.7948990 392.3002930 0.1049000 0.3650000 0.0364000 33.1957016 0.0812000 960.0000000 -40.0000000 48.436245 -15.241719 112.114204
