C(%) Mn(%) Si(%) S(%) P(%) Ti(ppm) B(ppm) Al(ppm) N(ppm) O(ppm) Cr(%) Ni(%) Mo(%) V(ppm) Cu(%) Nb(ppm) Temp(Curve) Predicted Pred-err Pred+err
0.0689000 1.2086000 0.3643000 0.0065000 0.0085000 28 150 20 55 392.3002930 0.1049000 0.3650000 0.0364000 33.1957016 0.0812000 16.1662006 -120.0 -8.548295 -31.160564 14.064216
0.0689000 1.2086000 0.3643000 0.0065000 0.0085000 28 150 20 55 392.3002930 0.1049000 0.3650000 0.0364000 33.1957016 0.0812000 16.1662006 -115.0 -7.541864 -29.407497 14.323534
0.0689000 1.2086000 0.3643000 0.0065000 0.0085000 28 150 20 55 392.3002930 0.1049000 0.3650000 0.0364000 33.1957016 0.0812000 16.1662006 -110.0 -5.400180 -26.770838 15.970486
0.0689000 1.2086000 0.3643000 0.0065000 0.0085000 28 150 20 55 392.3002930 0.1049000 0.3650000 0.0364000 33.1957016 0.0812000 16.1662006 -105.0 -1.900272 -22.956161 19.155632
0.0689000 1.2086000 0.3643000 0.0065000 0.0085000 28 150 20 55 392.3002930 0.1049000 0.3650000 0.0364000 33.1957016 0.0812000 16.1662006 -100.0 3.131399 -17.731150 23.994190
0.0689000 1.2086000 0.3643000 0.0065000 0.0085000 28 150 20 55 392.3002930 0.1049000 0.3650000 0.0364000 33.1957016 0.0812000 16.1662006 -95.0 9.804523 -10.958607 30.567646
0.0689000 1.2086000 0.3643000 0.0065000 0.0085000 28 150 20 55 392.3002930 0.1049000 0.3650000 0.0364000 33.1957016 0.0812000 16.1662006 -90.0 18.156374 -2.590738 38.903484
0.0689000 1.2086000 0.3643000 0.0065000 0.0085000 28 150 20 55 392.3002930 0.1049000 0.3650000 0.0364000 33.1957016 0.0812000 16.1662006 -85.0 28.143951 7.343775 48.944118
0.0689000 1.2086000 0.3643000 0.0065000 0.0085000 28 150 20 55 392.3002930 0.1049000 0.3650000 0.0364000 33.1957016 0.0812000 16.1662006 -80.0 39.632435 18.733082 60.531796
0.0689000 1.2086000 0.3643000 0.0065000 0.0085000 28 150 20 55 392.3002930 0.1049000 0.3650000 0.0364000 33.1957016 0.0812000 16.1662006 -75.0 52.388824 31.364233 73.413177
0.0689000 1.2086000 0.3643000 0.0065000 0.0085000 28 150 20 55 392.3002930 0.1049000 0.3650000 0.0364000 33.1957016 0.0812000 16.1662006 -70.0 66.086151 44.922939 87.249359
0.0689000 1.2086000 0.3643000 0.0065000 0.0085000 28 150 20 55 392.3002930 0.1049000 0.3650000 0.0364000 33.1957016 0.0812000 16.1662006 -65.0 80.322426 59.010559 101.634293
0.0689000 1.2086000 0.3643000 0.0065000 0.0085000 28 150 20 55 392.3002930 0.1049000 0.3650000 0.0364000 33.1957016 0.0812000 16.1662006 -60.0 94.652863 73.181824 116.123909
0.0689000 1.2086000 0.3643000 0.0065000 0.0085000 28 150 20 55 392.3002930 0.1049000 0.3650000 0.0364000 33.1957016 0.0812000 16.1662006 -55.0 108.631737 86.994110 130.269119
0.0689000 1.2086000 0.3643000 0.0065000 0.0085000 28 150 20 55 392.3002930 0.1049000 0.3650000 0.0364000 33.1957016 0.0812000 16.1662006 -50.0 121.858238 100.063828 143.652649
0.0689000 1.2086000 0.3643000 0.0065000 0.0085000 28 150 20 55 392.3002930 0.1049000 0.3650000 0.0364000 33.1957016 0.0812000 16.1662006 -45.0 134.015930 112.110863 155.920990
0.0689000 1.2086000 0.3643000 0.0065000 0.0085000 28 150 20 55 392.3002930 0.1049000 0.3650000 0.0364000 33.1957016 0.0812000 16.1662006 -40.0 144.892822 122.971024 166.814377
0.0689000 1.2086000 0.3643000 0.0065000 0.0085000 28 150 20 55 392.3002930 0.1049000 0.3650000 0.0364000 33.1957016 0.0812000 16.1662006 -35.0 154.382553 132.586472 176.178635
0.0689000 1.2086000 0.3643000 0.0065000 0.0085000 28 150 20 55 392.3002930 0.1049000 0.3650000 0.0364000 33.1957016 0.0812000 16.1662006 -30.0 162.470306 140.978958 183.961670
0.0689000 1.2086000 0.3643000 0.0065000 0.0085000 28 150 20 55 392.3002930 0.1049000 0.3650000 0.0364000 33.1957016 0.0812000 16.1662006 -25.0 169.210831 148.224716 190.197174
0.0689000 1.2086000 0.3643000 0.0065000 0.0085000 28 150 20 55 392.3002930 0.1049000 0.3650000 0.0364000 33.1957016 0.0812000 16.1662006 -20.0 174.708313 154.427246 194.989609
0.0689000 1.2086000 0.3643000 0.0065000 0.0085000 28 150 20 55 392.3002930 0.1049000 0.3650000 0.0364000 33.1957016 0.0812000 16.1662006 -15.0 179.098740 159.696716 198.500763
0.0689000 1.2086000 0.3643000 0.0065000 0.0085000 28 150 20 55 392.3002930 0.1049000 0.3650000 0.0364000 33.1957016 0.0812000 16.1662006 -10.0 182.536270 164.131363 200.941422
0.0689000 1.2086000 0.3643000 0.0065000 0.0085000 28 150 20 55 392.3002930 0.1049000 0.3650000 0.0364000 33.1957016 0.0812000 16.1662006 -5.0 185.182480 167.806458 202.558502
0.0689000 1.2086000 0.3643000 0.0065000 0.0085000 28 150 20 55 392.3002930 0.1049000 0.3650000 0.0364000 33.1957016 0.0812000 16.1662006 0.0 187.195099 170.774841 203.615356
0.0689000 1.2086000 0.3643000 0.0065000 0.0085000 28 150 20 55 392.3002930 0.1049000 0.3650000 0.0364000 33.1957016 0.0812000 16.1662006 5.0 188.720154 173.081680 204.358643
0.0689000 1.2086000 0.3643000 0.0065000 0.0085000 28 150 20 55 392.3002930 0.1049000 0.3650000 0.0364000 33.1957016 0.0812000 16.1662006 10.0 189.882187 174.785034 204.979095
0.0689000 1.2086000 0.3643000 0.0065000 0.0085000 28 150 20 55 392.3002930 0.1049000 0.3650000 0.0364000 33.1957016 0.0812000 16.1662006 15.0 190.778427 175.969269 205.587830
0.0689000 1.2086000 0.3643000 0.0065000 0.0085000 28 150 20 55 392.3002930 0.1049000 0.3650000 0.0364000 33.1957016 0.0812000 16.1662006 20.0 191.477982 176.735260 206.220703
0.0689000 1.2086000 0.3643000 0.0065000 0.0085000 28 150 20 55 392.3002930 0.1049000 0.3650000 0.0364000 33.1957016 0.0812000 16.1662006 25.0 192.022430 177.170486 206.874130
0.0689000 1.2086000 0.3643000 0.0065000 0.0085000 28 150 20 55 392.3002930 0.1049000 0.3650000 0.0364000 33.1957016 0.0812000 16.1662006 30.0 192.432068 177.316986 207.547150
0.0689000 1.2086000 0.3643000 0.0065000 0.0085000 28 150 20 55 392.3002930 0.1049000 0.3650000 0.0364000 33.1957016 0.0812000 16.1662006 35.0 192.712891 177.155914 208.270126
0.0689000 1.2086000 0.3643000 0.0065000 0.0085000 28 150 20 55 392.3002930 0.1049000 0.3650000 0.0364000 33.1957016 0.0812000 16.1662006 40.0 192.861313 176.615768 209.106628
