C(%) Mn(%) Si(%) S(%) P(%) Ti(ppm) B(ppm) Al(ppm) N(ppm) O(ppm) Cr(%) Ni(%) Mo(%) V(ppm) Cu(%) Nb(ppm) Temp(Curve) Predicted Pred-err Pred+err
0.0689000 1.2086000 0.3643000 0.0065000 0.0085000 250 200 500 200 392.3002930 0.1049000 0.3650000 0.0364000 33.1957016 0.0812000 16.1662006 -120.0 57.644672 -26.518465 141.808044
0.0689000 1.2086000 0.3643000 0.0065000 0.0085000 250 200 500 200 392.3002930 0.1049000 0.3650000 0.0364000 33.1957016 0.0812000 16.1662006 -115.0 60.515781 -20.936619 141.967941
0.0689000 1.2086000 0.3643000 0.0065000 0.0085000 250 200 500 200 392.3002930 0.1049000 0.3650000 0.0364000 33.1957016 0.0812000 16.1662006 -110.0 63.288181 -15.470687 142.046799
0.0689000 1.2086000 0.3643000 0.0065000 0.0085000 250 200 500 200 392.3002930 0.1049000 0.3650000 0.0364000 33.1957016 0.0812000 16.1662006 -105.0 66.122482 -10.168466 142.413437
0.0689000 1.2086000 0.3643000 0.0065000 0.0085000 250 200 500 200 392.3002930 0.1049000 0.3650000 0.0364000 33.1957016 0.0812000 16.1662006 -100.0 69.185745 -5.059613 143.430862
0.0689000 1.2086000 0.3643000 0.0065000 0.0085000 250 200 500 200 392.3002930 0.1049000 0.3650000 0.0364000 33.1957016 0.0812000 16.1662006 -95.0 72.604881 -0.143615 145.353134
0.0689000 1.2086000 0.3643000 0.0065000 0.0085000 250 200 500 200 392.3002930 0.1049000 0.3650000 0.0364000 33.1957016 0.0812000 16.1662006 -90.0 76.433655 4.608181 148.259125
0.0689000 1.2086000 0.3643000 0.0065000 0.0085000 250 200 500 200 392.3002930 0.1049000 0.3650000 0.0364000 33.1957016 0.0812000 16.1662006 -85.0 80.640533 9.235223 152.045853
0.0689000 1.2086000 0.3643000 0.0065000 0.0085000 250 200 500 200 392.3002930 0.1049000 0.3650000 0.0364000 33.1957016 0.0812000 16.1662006 -80.0 85.125610 13.772638 156.478821
0.0689000 1.2086000 0.3643000 0.0065000 0.0085000 250 200 500 200 392.3002930 0.1049000 0.3650000 0.0364000 33.1957016 0.0812000 16.1662006 -75.0 89.755516 18.245287 161.265518
0.0689000 1.2086000 0.3643000 0.0065000 0.0085000 250 200 500 200 392.3002930 0.1049000 0.3650000 0.0364000 33.1957016 0.0812000 16.1662006 -70.0 94.402870 22.679209 166.126770
0.0689000 1.2086000 0.3643000 0.0065000 0.0085000 250 200 500 200 392.3002930 0.1049000 0.3650000 0.0364000 33.1957016 0.0812000 16.1662006 -65.0 98.978287 27.116243 170.840576
0.0689000 1.2086000 0.3643000 0.0065000 0.0085000 250 200 500 200 392.3002930 0.1049000 0.3650000 0.0364000 33.1957016 0.0812000 16.1662006 -60.0 103.444000 31.618765 175.268997
0.0689000 1.2086000 0.3643000 0.0065000 0.0085000 250 200 500 200 392.3002930 0.1049000 0.3650000 0.0364000 33.1957016 0.0812000 16.1662006 -55.0 107.809097 36.251781 179.366425
0.0689000 1.2086000 0.3643000 0.0065000 0.0085000 250 200 500 200 392.3002930 0.1049000 0.3650000 0.0364000 33.1957016 0.0812000 16.1662006 -50.0 112.109665 41.046124 183.173447
0.0689000 1.2086000 0.3643000 0.0065000 0.0085000 250 200 500 200 392.3002930 0.1049000 0.3650000 0.0364000 33.1957016 0.0812000 16.1662006 -45.0 116.383224 45.974300 186.792145
0.0689000 1.2086000 0.3643000 0.0065000 0.0085000 250 200 500 200 392.3002930 0.1049000 0.3650000 0.0364000 33.1957016 0.0812000 16.1662006 -40.0 120.645309 50.945507 190.344879
0.0689000 1.2086000 0.3643000 0.0065000 0.0085000 250 200 500 200 392.3002930 0.1049000 0.3650000 0.0364000 33.1957016 0.0812000 16.1662006 -35.0 124.876091 55.824928 193.927246
0.0689000 1.2086000 0.3643000 0.0065000 0.0085000 250 200 500 200 392.3002930 0.1049000 0.3650000 0.0364000 33.1957016 0.0812000 16.1662006 -30.0 129.014618 60.460575 197.568420
0.0689000 1.2086000 0.3643000 0.0065000 0.0085000 250 200 500 200 392.3002930 0.1049000 0.3650000 0.0364000 33.1957016 0.0812000 16.1662006 -25.0 132.963608 64.714767 201.212692
0.0689000 1.2086000 0.3643000 0.0065000 0.0085000 250 200 500 200 392.3002930 0.1049000 0.3650000 0.0364000 33.1957016 0.0812000 16.1662006 -20.0 136.608124 68.486671 204.729584
0.0689000 1.2086000 0.3643000 0.0065000 0.0085000 250 200 500 200 392.3002930 0.1049000 0.3650000 0.0364000 33.1957016 0.0812000 16.1662006 -15.0 139.836533 71.721771 207.951294
0.0689000 1.2086000 0.3643000 0.0065000 0.0085000 250 200 500 200 392.3002930 0.1049000 0.3650000 0.0364000 33.1957016 0.0812000 16.1662006 -10.0 142.563522 74.408607 210.718445
0.0689000 1.2086000 0.3643000 0.0065000 0.0085000 250 200 500 200 392.3002930 0.1049000 0.3650000 0.0364000 33.1957016 0.0812000 16.1662006 -5.0 144.740570 76.567734 212.913422
0.0689000 1.2086000 0.3643000 0.0065000 0.0085000 250 200 500 200 392.3002930 0.1049000 0.3650000 0.0364000 33.1957016 0.0812000 16.1662006 0.0 146.359329 78.240738 214.478149
0.0689000 1.2086000 0.3643000 0.0065000 0.0085000 250 200 500 200 392.3002930 0.1049000 0.3650000 0.0364000 33.1957016 0.0812000 16.1662006 5.0 147.446533 79.479950 215.413361
0.0689000 1.2086000 0.3643000 0.0065000 0.0085000 250 200 500 200 392.3002930 0.1049000 0.3650000 0.0364000 33.1957016 0.0812000 16.1662006 10.0 148.057175 80.339157 215.774963
0.0689000 1.2086000 0.3643000 0.0065000 0.0085000 250 200 500 200 392.3002930 0.1049000 0.3650000 0.0364000 33.1957016 0.0812000 16.1662006 15.0 148.265106 80.864716 215.665741
0.0689000 1.2086000 0.3643000 0.0065000 0.0085000 250 200 500 200 392.3002930 0.1049000 0.3650000 0.0364000 33.1957016 0.0812000 16.1662006 20.0 148.156128 81.087227 215.225021
0.0689000 1.2086000 0.3643000 0.0065000 0.0085000 250 200 500 200 392.3002930 0.1049000 0.3650000 0.0364000 33.1957016 0.0812000 16.1662006 25.0 147.818649 81.019829 214.617249
0.0689000 1.2086000 0.3643000 0.0065000 0.0085000 250 200 500 200 392.3002930 0.1049000 0.3650000 0.0364000 33.1957016 0.0812000 16.1662006 30.0 147.336121 80.659897 214.012329
0.0689000 1.2086000 0.3643000 0.0065000 0.0085000 250 200 500 200 392.3002930 0.1049000 0.3650000 0.0364000 33.1957016 0.0812000 16.1662006 35.0 146.780914 79.994759 213.566833
0.0689000 1.2086000 0.3643000 0.0065000 0.0085000 250 200 500 200 392.3002930 0.1049000 0.3650000 0.0364000 33.1957016 0.0812000 16.1662006 40.0 146.208511 79.013664 213.403366
