C(%) Mn(%) Si(%) S(%) P(%) Ti(ppm) B(ppm) Al(ppm) N(ppm) O(ppm) Cr(%) Ni(%) Mo(%) V(ppm) Cu(%) Nb(ppm) Temp(Curve) Predicted Pred-err Pred+err
0.0689000 1.2086000 0.3643000 0.0065000 0.0085000 250 150 20 55 392.3002930 0.1049000 0.3650000 0.0364000 33.1957016 0.0812000 16.1662006 -120.0 -3.395694 -26.431467 19.640327
0.0689000 1.2086000 0.3643000 0.0065000 0.0085000 250 150 20 55 392.3002930 0.1049000 0.3650000 0.0364000 33.1957016 0.0812000 16.1662006 -115.0 -1.865855 -25.088530 21.356585
0.0689000 1.2086000 0.3643000 0.0065000 0.0085000 250 150 20 55 392.3002930 0.1049000 0.3650000 0.0364000 33.1957016 0.0812000 16.1662006 -110.0 0.533474 -23.305105 24.372288
0.0689000 1.2086000 0.3643000 0.0065000 0.0085000 250 150 20 55 392.3002930 0.1049000 0.3650000 0.0364000 33.1957016 0.0812000 16.1662006 -105.0 3.934682 -20.672037 28.541643
0.0689000 1.2086000 0.3643000 0.0065000 0.0085000 250 150 20 55 392.3002930 0.1049000 0.3650000 0.0364000 33.1957016 0.0812000 16.1662006 -100.0 8.429795 -16.919029 33.778847
0.0689000 1.2086000 0.3643000 0.0065000 0.0085000 250 150 20 55 392.3002930 0.1049000 0.3650000 0.0364000 33.1957016 0.0812000 16.1662006 -95.0 14.074736 -11.933000 40.082470
0.0689000 1.2086000 0.3643000 0.0065000 0.0085000 250 150 20 55 392.3002930 0.1049000 0.3650000 0.0364000 33.1957016 0.0812000 16.1662006 -90.0 20.898420 -5.712071 47.508919
0.0689000 1.2086000 0.3643000 0.0065000 0.0085000 250 150 20 55 392.3002930 0.1049000 0.3650000 0.0364000 33.1957016 0.0812000 16.1662006 -85.0 28.907310 1.705288 56.109341
0.0689000 1.2086000 0.3643000 0.0065000 0.0085000 250 150 20 55 392.3002930 0.1049000 0.3650000 0.0364000 33.1957016 0.0812000 16.1662006 -80.0 38.076069 10.293037 65.858864
0.0689000 1.2086000 0.3643000 0.0065000 0.0085000 250 150 20 55 392.3002930 0.1049000 0.3650000 0.0364000 33.1957016 0.0812000 16.1662006 -75.0 48.325344 20.039694 76.611000
0.0689000 1.2086000 0.3643000 0.0065000 0.0085000 250 150 20 55 392.3002930 0.1049000 0.3650000 0.0364000 33.1957016 0.0812000 16.1662006 -70.0 59.505527 30.904161 88.106895
0.0689000 1.2086000 0.3643000 0.0065000 0.0085000 250 150 20 55 392.3002930 0.1049000 0.3650000 0.0364000 33.1957016 0.0812000 16.1662006 -65.0 71.389565 42.758797 100.020088
0.0689000 1.2086000 0.3643000 0.0065000 0.0085000 250 150 20 55 392.3002930 0.1049000 0.3650000 0.0364000 33.1957016 0.0812000 16.1662006 -60.0 83.683243 55.351707 112.014542
0.0689000 1.2086000 0.3643000 0.0065000 0.0085000 250 150 20 55 392.3002930 0.1049000 0.3650000 0.0364000 33.1957016 0.0812000 16.1662006 -55.0 96.050781 68.313629 123.788162
0.0689000 1.2086000 0.3643000 0.0065000 0.0085000 250 150 20 55 392.3002930 0.1049000 0.3650000 0.0364000 33.1957016 0.0812000 16.1662006 -50.0 108.148483 81.208405 135.088562
0.0689000 1.2086000 0.3643000 0.0065000 0.0085000 250 150 20 55 392.3002930 0.1049000 0.3650000 0.0364000 33.1957016 0.0812000 16.1662006 -45.0 119.659439 93.609390 145.709488
0.0689000 1.2086000 0.3643000 0.0065000 0.0085000 250 150 20 55 392.3002930 0.1049000 0.3650000 0.0364000 33.1957016 0.0812000 16.1662006 -40.0 130.322662 105.169823 155.475266
0.0689000 1.2086000 0.3643000 0.0065000 0.0085000 250 150 20 55 392.3002930 0.1049000 0.3650000 0.0364000 33.1957016 0.0812000 16.1662006 -35.0 139.951019 115.663116 164.238678
0.0689000 1.2086000 0.3643000 0.0065000 0.0085000 250 150 20 55 392.3002930 0.1049000 0.3650000 0.0364000 33.1957016 0.0812000 16.1662006 -30.0 148.441254 124.990807 171.891693
0.0689000 1.2086000 0.3643000 0.0065000 0.0085000 250 150 20 55 392.3002930 0.1049000 0.3650000 0.0364000 33.1957016 0.0812000 16.1662006 -25.0 155.771851 133.155533 178.388184
0.0689000 1.2086000 0.3643000 0.0065000 0.0085000 250 150 20 55 392.3002930 0.1049000 0.3650000 0.0364000 33.1957016 0.0812000 16.1662006 -20.0 161.988724 140.222992 183.754700
0.0689000 1.2086000 0.3643000 0.0065000 0.0085000 250 150 20 55 392.3002930 0.1049000 0.3650000 0.0364000 33.1957016 0.0812000 16.1662006 -15.0 167.184830 146.287384 188.082260
0.0689000 1.2086000 0.3643000 0.0065000 0.0085000 250 150 20 55 392.3002930 0.1049000 0.3650000 0.0364000 33.1957016 0.0812000 16.1662006 -10.0 171.477737 151.447388 191.507858
0.0689000 1.2086000 0.3643000 0.0065000 0.0085000 250 150 20 55 392.3002930 0.1049000 0.3650000 0.0364000 33.1957016 0.0812000 16.1662006 -5.0 174.993195 155.793610 194.193024
0.0689000 1.2086000 0.3643000 0.0065000 0.0085000 250 150 20 55 392.3002930 0.1049000 0.3650000 0.0364000 33.1957016 0.0812000 16.1662006 0.0 177.855698 159.402023 196.309372
0.0689000 1.2086000 0.3643000 0.0065000 0.0085000 250 150 20 55 392.3002930 0.1049000 0.3650000 0.0364000 33.1957016 0.0812000 16.1662006 5.0 180.180695 162.330505 198.031128
0.0689000 1.2086000 0.3643000 0.0065000 0.0085000 250 150 20 55 392.3002930 0.1049000 0.3650000 0.0364000 33.1957016 0.0812000 16.1662006 10.0 182.074051 164.621552 199.526550
0.0689000 1.2086000 0.3643000 0.0065000 0.0085000 250 150 20 55 392.3002930 0.1049000 0.3650000 0.0364000 33.1957016 0.0812000 16.1662006 15.0 183.628021 166.307693 200.948349
0.0689000 1.2086000 0.3643000 0.0065000 0.0085000 250 150 20 55 392.3002930 0.1049000 0.3650000 0.0364000 33.1957016 0.0812000 16.1662006 20.0 184.919815 167.421432 202.418213
0.0689000 1.2086000 0.3643000 0.0065000 0.0085000 250 150 20 55 392.3002930 0.1049000 0.3650000 0.0364000 33.1957016 0.0812000 16.1662006 25.0 186.008942 168.004364 204.013535
0.0689000 1.2086000 0.3643000 0.0065000 0.0085000 250 150 20 55 392.3002930 0.1049000 0.3650000 0.0364000 33.1957016 0.0812000 16.1662006 30.0 186.936020 168.110001 205.762054
0.0689000 1.2086000 0.3643000 0.0065000 0.0085000 250 150 20 55 392.3002930 0.1049000 0.3650000 0.0364000 33.1957016 0.0812000 16.1662006 35.0 187.723770 167.800720 207.646805
0.0689000 1.2086000 0.3643000 0.0065000 0.0085000 250 150 20 55 392.3002930 0.1049000 0.3650000 0.0364000 33.1957016 0.0812000 16.1662006 40.0 188.379578 167.139175 209.619751
