C(%) Mn(%) Si(%) S(%) P(%) Ti(ppm) B(ppm) Al(ppm) N(ppm) O(ppm) Cr(%) Ni(%) Mo(%) V(ppm) Cu(%) Nb(ppm) Temp(Curve) Predicted Pred-err Pred+err
0.0689000 1.2086000 0.3643000 0.0065000 0.0085000 250 100 300 200 392.3002930 0.1049000 0.3650000 0.0364000 33.1957016 0.0812000 16.1662006 -120.0 28.496946 -18.529169 75.523071
0.0689000 1.2086000 0.3643000 0.0065000 0.0085000 250 100 300 200 392.3002930 0.1049000 0.3650000 0.0364000 33.1957016 0.0812000 16.1662006 -115.0 29.017969 -17.633867 75.669579
0.0689000 1.2086000 0.3643000 0.0065000 0.0085000 250 100 300 200 392.3002930 0.1049000 0.3650000 0.0364000 33.1957016 0.0812000 16.1662006 -110.0 29.608780 -16.476875 75.694191
0.0689000 1.2086000 0.3643000 0.0065000 0.0085000 250 100 300 200 392.3002930 0.1049000 0.3650000 0.0364000 33.1957016 0.0812000 16.1662006 -105.0 30.351114 -14.863857 75.566086
0.0689000 1.2086000 0.3643000 0.0065000 0.0085000 250 100 300 200 392.3002930 0.1049000 0.3650000 0.0364000 33.1957016 0.0812000 16.1662006 -100.0 31.369967 -12.624192 75.364136
0.0689000 1.2086000 0.3643000 0.0065000 0.0085000 250 100 300 200 392.3002930 0.1049000 0.3650000 0.0364000 33.1957016 0.0812000 16.1662006 -95.0 32.829308 -9.622350 75.280724
0.0689000 1.2086000 0.3643000 0.0065000 0.0085000 250 100 300 200 392.3002930 0.1049000 0.3650000 0.0364000 33.1957016 0.0812000 16.1662006 -90.0 34.913624 -5.772059 75.599312
0.0689000 1.2086000 0.3643000 0.0065000 0.0085000 250 100 300 200 392.3002930 0.1049000 0.3650000 0.0364000 33.1957016 0.0812000 16.1662006 -85.0 37.803131 -1.042023 76.648285
0.0689000 1.2086000 0.3643000 0.0065000 0.0085000 250 100 300 200 392.3002930 0.1049000 0.3650000 0.0364000 33.1957016 0.0812000 16.1662006 -80.0 41.647205 4.557752 78.736427
0.0689000 1.2086000 0.3643000 0.0065000 0.0085000 250 100 300 200 392.3002930 0.1049000 0.3650000 0.0364000 33.1957016 0.0812000 16.1662006 -75.0 46.550774 11.013860 82.087677
0.0689000 1.2086000 0.3643000 0.0065000 0.0085000 250 100 300 200 392.3002930 0.1049000 0.3650000 0.0364000 33.1957016 0.0812000 16.1662006 -70.0 52.568790 18.343510 86.793831
0.0689000 1.2086000 0.3643000 0.0065000 0.0085000 250 100 300 200 392.3002930 0.1049000 0.3650000 0.0364000 33.1957016 0.0812000 16.1662006 -65.0 59.702221 26.597380 92.807312
0.0689000 1.2086000 0.3643000 0.0065000 0.0085000 250 100 300 200 392.3002930 0.1049000 0.3650000 0.0364000 33.1957016 0.0812000 16.1662006 -60.0 67.894424 35.816326 99.972527
0.0689000 1.2086000 0.3643000 0.0065000 0.0085000 250 100 300 200 392.3002930 0.1049000 0.3650000 0.0364000 33.1957016 0.0812000 16.1662006 -55.0 77.023750 45.971672 108.075821
0.0689000 1.2086000 0.3643000 0.0065000 0.0085000 250 100 300 200 392.3002930 0.1049000 0.3650000 0.0364000 33.1957016 0.0812000 16.1662006 -50.0 86.904488 56.921940 116.887039
0.0689000 1.2086000 0.3643000 0.0065000 0.0085000 250 100 300 200 392.3002930 0.1049000 0.3650000 0.0364000 33.1957016 0.0812000 16.1662006 -45.0 97.294296 68.408997 126.179596
0.0689000 1.2086000 0.3643000 0.0065000 0.0085000 250 100 300 200 392.3002930 0.1049000 0.3650000 0.0364000 33.1957016 0.0812000 16.1662006 -40.0 107.904465 80.077217 135.731705
0.0689000 1.2086000 0.3643000 0.0065000 0.0085000 250 100 300 200 392.3002930 0.1049000 0.3650000 0.0364000 33.1957016 0.0812000 16.1662006 -35.0 118.414009 91.505234 145.323013
0.0689000 1.2086000 0.3643000 0.0065000 0.0085000 250 100 300 200 392.3002930 0.1049000 0.3650000 0.0364000 33.1957016 0.0812000 16.1662006 -30.0 128.486908 102.243271 154.730530
0.0689000 1.2086000 0.3643000 0.0065000 0.0085000 250 100 300 200 392.3002930 0.1049000 0.3650000 0.0364000 33.1957016 0.0812000 16.1662006 -25.0 137.800018 111.876877 163.723145
0.0689000 1.2086000 0.3643000 0.0065000 0.0085000 250 100 300 200 392.3002930 0.1049000 0.3650000 0.0364000 33.1957016 0.0812000 16.1662006 -20.0 146.078979 120.098961 172.058990
0.0689000 1.2086000 0.3643000 0.0065000 0.0085000 250 100 300 200 392.3002930 0.1049000 0.3650000 0.0364000 33.1957016 0.0812000 16.1662006 -15.0 153.131149 126.762993 179.499298
0.0689000 1.2086000 0.3643000 0.0065000 0.0085000 250 100 300 200 392.3002930 0.1049000 0.3650000 0.0364000 33.1957016 0.0812000 16.1662006 -10.0 158.865479 131.887390 185.843552
0.0689000 1.2086000 0.3643000 0.0065000 0.0085000 250 100 300 200 392.3002930 0.1049000 0.3650000 0.0364000 33.1957016 0.0812000 16.1662006 -5.0 163.293182 135.617706 190.968430
0.0689000 1.2086000 0.3643000 0.0065000 0.0085000 250 100 300 200 392.3002930 0.1049000 0.3650000 0.0364000 33.1957016 0.0812000 16.1662006 0.0 166.511566 138.175720 194.847168
0.0689000 1.2086000 0.3643000 0.0065000 0.0085000 250 100 300 200 392.3002930 0.1049000 0.3650000 0.0364000 33.1957016 0.0812000 16.1662006 5.0 168.677856 139.812866 197.542847
0.0689000 1.2086000 0.3643000 0.0065000 0.0085000 250 100 300 200 392.3002930 0.1049000 0.3650000 0.0364000 33.1957016 0.0812000 16.1662006 10.0 169.980652 140.771500 199.189560
0.0689000 1.2086000 0.3643000 0.0065000 0.0085000 250 100 300 200 392.3002930 0.1049000 0.3650000 0.0364000 33.1957016 0.0812000 16.1662006 15.0 170.609940 141.254761 199.964874
0.0689000 1.2086000 0.3643000 0.0065000 0.0085000 250 100 300 200 392.3002930 0.1049000 0.3650000 0.0364000 33.1957016 0.0812000 16.1662006 20.0 170.738037 141.406525 200.069550
0.0689000 1.2086000 0.3643000 0.0065000 0.0085000 250 100 300 200 392.3002930 0.1049000 0.3650000 0.0364000 33.1957016 0.0812000 16.1662006 25.0 170.502869 141.298737 199.706985
0.0689000 1.2086000 0.3643000 0.0065000 0.0085000 250 100 300 200 392.3002930 0.1049000 0.3650000 0.0364000 33.1957016 0.0812000 16.1662006 30.0 170.000488 140.933548 199.067429
0.0689000 1.2086000 0.3643000 0.0065000 0.0085000 250 100 300 200 392.3002930 0.1049000 0.3650000 0.0364000 33.1957016 0.0812000 16.1662006 35.0 169.285629 140.264343 198.306931
0.0689000 1.2086000 0.3643000 0.0065000 0.0085000 250 100 300 200 392.3002930 0.1049000 0.3650000 0.0364000 33.1957016 0.0812000 16.1662006 40.0 168.382446 139.231857 197.532806
