C(%) Mn(%) Si(%) S(%) P(%) Ti(ppm) B(ppm) Al(ppm) N(ppm) O(ppm) Cr(%) Ni(%) Mo(%) V(ppm) Cu(%) Nb(ppm) Temp(Curve) Predicted Pred-err Pred+err
0.0689000 1.2086000 0.3643000 0.0065000 0.0085000 250 24.4503994 46.3552017 91.7948990 392.3002930 0.1049000 0.3650000 0.0364000 33.1957016 0.0812000 16.1662006 -120.0 8.673337 -6.959892 24.306324
0.0689000 1.2086000 0.3643000 0.0065000 0.0085000 250 24.4503994 46.3552017 91.7948990 392.3002930 0.1049000 0.3650000 0.0364000 33.1957016 0.0812000 16.1662006 -115.0 8.768697 -6.050972 23.588129
0.0689000 1.2086000 0.3643000 0.0065000 0.0085000 250 24.4503994 46.3552017 91.7948990 392.3002930 0.1049000 0.3650000 0.0364000 33.1957016 0.0812000 16.1662006 -110.0 9.430963 -4.806271 23.668196
0.0689000 1.2086000 0.3643000 0.0065000 0.0085000 250 24.4503994 46.3552017 91.7948990 392.3002930 0.1049000 0.3650000 0.0364000 33.1957016 0.0812000 16.1662006 -105.0 10.893885 -2.955693 24.743454
0.0689000 1.2086000 0.3643000 0.0065000 0.0085000 250 24.4503994 46.3552017 91.7948990 392.3002930 0.1049000 0.3650000 0.0364000 33.1957016 0.0812000 16.1662006 -100.0 13.421066 -0.169670 27.011568
0.0689000 1.2086000 0.3643000 0.0065000 0.0085000 250 24.4503994 46.3552017 91.7948990 392.3002930 0.1049000 0.3650000 0.0364000 33.1957016 0.0812000 16.1662006 -95.0 17.274462 3.861788 30.686909
0.0689000 1.2086000 0.3643000 0.0065000 0.0085000 250 24.4503994 46.3552017 91.7948990 392.3002930 0.1049000 0.3650000 0.0364000 33.1957016 0.0812000 16.1662006 -90.0 22.687578 9.374323 36.000835
0.0689000 1.2086000 0.3643000 0.0065000 0.0085000 250 24.4503994 46.3552017 91.7948990 392.3002930 0.1049000 0.3650000 0.0364000 33.1957016 0.0812000 16.1662006 -85.0 29.840370 16.534523 43.146217
0.0689000 1.2086000 0.3643000 0.0065000 0.0085000 250 24.4503994 46.3552017 91.7948990 392.3002930 0.1049000 0.3650000 0.0364000 33.1957016 0.0812000 16.1662006 -80.0 38.833218 25.473837 52.192368
0.0689000 1.2086000 0.3643000 0.0065000 0.0085000 250 24.4503994 46.3552017 91.7948990 392.3002930 0.1049000 0.3650000 0.0364000 33.1957016 0.0812000 16.1662006 -75.0 49.657291 36.276642 63.037945
0.0689000 1.2086000 0.3643000 0.0065000 0.0085000 250 24.4503994 46.3552017 91.7948990 392.3002930 0.1049000 0.3650000 0.0364000 33.1957016 0.0812000 16.1662006 -70.0 62.167030 48.909225 75.425079
0.0689000 1.2086000 0.3643000 0.0065000 0.0085000 250 24.4503994 46.3552017 91.7948990 392.3002930 0.1049000 0.3650000 0.0364000 33.1957016 0.0812000 16.1662006 -65.0 76.068947 63.157207 88.980438
0.0689000 1.2086000 0.3643000 0.0065000 0.0085000 250 24.4503994 46.3552017 91.7948990 392.3002930 0.1049000 0.3650000 0.0364000 33.1957016 0.0812000 16.1662006 -60.0 90.936417 78.612144 103.260452
0.0689000 1.2086000 0.3643000 0.0065000 0.0085000 250 24.4503994 46.3552017 91.7948990 392.3002930 0.1049000 0.3650000 0.0364000 33.1957016 0.0812000 16.1662006 -55.0 106.252968 94.700188 117.805992
0.0689000 1.2086000 0.3643000 0.0065000 0.0085000 250 24.4503994 46.3552017 91.7948990 392.3002930 0.1049000 0.3650000 0.0364000 33.1957016 0.0812000 16.1662006 -50.0 121.469864 110.732552 132.207169
0.0689000 1.2086000 0.3643000 0.0065000 0.0085000 250 24.4503994 46.3552017 91.7948990 392.3002930 0.1049000 0.3650000 0.0364000 33.1957016 0.0812000 16.1662006 -45.0 136.066788 125.984337 146.149002
0.0689000 1.2086000 0.3643000 0.0065000 0.0085000 250 24.4503994 46.3552017 91.7948990 392.3002930 0.1049000 0.3650000 0.0364000 33.1957016 0.0812000 16.1662006 -40.0 149.605179 139.814072 159.396286
0.0689000 1.2086000 0.3643000 0.0065000 0.0085000 250 24.4503994 46.3552017 91.7948990 392.3002930 0.1049000 0.3650000 0.0364000 33.1957016 0.0812000 16.1662006 -35.0 161.763580 151.805893 171.721283
0.0689000 1.2086000 0.3643000 0.0065000 0.0085000 250 24.4503994 46.3552017 91.7948990 392.3002930 0.1049000 0.3650000 0.0364000 33.1957016 0.0812000 16.1662006 -30.0 172.349380 161.844131 182.854614
0.0689000 1.2086000 0.3643000 0.0065000 0.0085000 250 24.4503994 46.3552017 91.7948990 392.3002930 0.1049000 0.3650000 0.0364000 33.1957016 0.0812000 16.1662006 -25.0 181.294434 170.050674 192.538177
0.0689000 1.2086000 0.3643000 0.0065000 0.0085000 250 24.4503994 46.3552017 91.7948990 392.3002930 0.1049000 0.3650000 0.0364000 33.1957016 0.0812000 16.1662006 -20.0 188.636749 176.657593 200.615906
0.0689000 1.2086000 0.3643000 0.0065000 0.0085000 250 24.4503994 46.3552017 91.7948990 392.3002930 0.1049000 0.3650000 0.0364000 33.1957016 0.0812000 16.1662006 -15.0 194.494873 181.914398 207.075363
0.0689000 1.2086000 0.3643000 0.0065000 0.0085000 250 24.4503994 46.3552017 91.7948990 392.3002930 0.1049000 0.3650000 0.0364000 33.1957016 0.0812000 16.1662006 -10.0 199.040665 186.045502 212.035812
0.0689000 1.2086000 0.3643000 0.0065000 0.0085000 250 24.4503994 46.3552017 91.7948990 392.3002930 0.1049000 0.3650000 0.0364000 33.1957016 0.0812000 16.1662006 -5.0 202.472946 189.233292 215.712341
0.0689000 1.2086000 0.3643000 0.0065000 0.0085000 250 24.4503994 46.3552017 91.7948990 392.3002930 0.1049000 0.3650000 0.0364000 33.1957016 0.0812000 16.1662006 0.0 204.996292 191.617081 218.375519
0.0689000 1.2086000 0.3643000 0.0065000 0.0085000 250 24.4503994 46.3552017 91.7948990 392.3002930 0.1049000 0.3650000 0.0364000 33.1957016 0.0812000 16.1662006 5.0 206.804337 193.295822 220.312851
0.0689000 1.2086000 0.3643000 0.0065000 0.0085000 250 24.4503994 46.3552017 91.7948990 392.3002930 0.1049000 0.3650000 0.0364000 33.1957016 0.0812000 16.1662006 10.0 208.069839 194.341202 221.798477
0.0689000 1.2086000 0.3643000 0.0065000 0.0085000 250 24.4503994 46.3552017 91.7948990 392.3002930 0.1049000 0.3650000 0.0364000 33.1957016 0.0812000 16.1662006 15.0 208.939804 194.812988 223.066849
0.0689000 1.2086000 0.3643000 0.0065000 0.0085000 250 24.4503994 46.3552017 91.7948990 392.3002930 0.1049000 0.3650000 0.0364000 33.1957016 0.0812000 16.1662006 20.0 209.533234 194.775467 224.291000
0.0689000 1.2086000 0.3643000 0.0065000 0.0085000 250 24.4503994 46.3552017 91.7948990 392.3002930 0.1049000 0.3650000 0.0364000 33.1957016 0.0812000 16.1662006 25.0 209.942398 194.310135 225.574677
0.0689000 1.2086000 0.3643000 0.0065000 0.0085000 250 24.4503994 46.3552017 91.7948990 392.3002930 0.1049000 0.3650000 0.0364000 33.1957016 0.0812000 16.1662006 30.0 210.235657 193.514023 226.957047
0.0689000 1.2086000 0.3643000 0.0065000 0.0085000 250 24.4503994 46.3552017 91.7948990 392.3002930 0.1049000 0.3650000 0.0364000 33.1957016 0.0812000 16.1662006 35.0 210.461273 192.490631 228.431915
0.0689000 1.2086000 0.3643000 0.0065000 0.0085000 250 24.4503994 46.3552017 91.7948990 392.3002930 0.1049000 0.3650000 0.0364000 33.1957016 0.0812000 16.1662006 40.0 210.651993 191.336731 229.967255
