C(%) Mn(%) Si(%) S(%) P(%) Ti(ppm) B(ppm) Al(ppm) N(ppm) O(ppm) Cr(%) Ni(%) Mo(%) V(ppm) Cu(%) Nb(ppm) Temp(Curve) Predicted Pred-err Pred+err
0.0689000 1.2086000 0.3643000 0.0065000 0.0085000 250 5 300 200 392.3002930 0.1049000 0.3650000 0.0364000 33.1957016 0.0812000 16.1662006 -120.0 2.427073 -10.582412 15.436315
0.0689000 1.2086000 0.3643000 0.0065000 0.0085000 250 5 300 200 392.3002930 0.1049000 0.3650000 0.0364000 33.1957016 0.0812000 16.1662006 -115.0 2.473434 -10.657942 15.604811
0.0689000 1.2086000 0.3643000 0.0065000 0.0085000 250 5 300 200 392.3002930 0.1049000 0.3650000 0.0364000 33.1957016 0.0812000 16.1662006 -110.0 2.571899 -11.167731 16.311537
0.0689000 1.2086000 0.3643000 0.0065000 0.0085000 250 5 300 200 392.3002930 0.1049000 0.3650000 0.0364000 33.1957016 0.0812000 16.1662006 -105.0 2.716021 -11.889993 17.322029
0.0689000 1.2086000 0.3643000 0.0065000 0.0085000 250 5 300 200 392.3002930 0.1049000 0.3650000 0.0364000 33.1957016 0.0812000 16.1662006 -100.0 2.911997 -12.659322 18.483330
0.0689000 1.2086000 0.3643000 0.0065000 0.0085000 250 5 300 200 392.3002930 0.1049000 0.3650000 0.0364000 33.1957016 0.0812000 16.1662006 -95.0 3.199756 -13.357679 19.757433
0.0689000 1.2086000 0.3643000 0.0065000 0.0085000 250 5 300 200 392.3002930 0.1049000 0.3650000 0.0364000 33.1957016 0.0812000 16.1662006 -90.0 3.675606 -13.874649 21.225853
0.0689000 1.2086000 0.3643000 0.0065000 0.0085000 250 5 300 200 392.3002930 0.1049000 0.3650000 0.0364000 33.1957016 0.0812000 16.1662006 -85.0 4.506134 -14.065838 23.078341
0.0689000 1.2086000 0.3643000 0.0065000 0.0085000 250 5 300 200 392.3002930 0.1049000 0.3650000 0.0364000 33.1957016 0.0812000 16.1662006 -80.0 5.930806 -13.722165 25.583540
0.0689000 1.2086000 0.3643000 0.0065000 0.0085000 250 5 300 200 392.3002930 0.1049000 0.3650000 0.0364000 33.1957016 0.0812000 16.1662006 -75.0 8.243136 -12.562537 29.049040
0.0689000 1.2086000 0.3643000 0.0065000 0.0085000 250 5 300 200 392.3002930 0.1049000 0.3650000 0.0364000 33.1957016 0.0812000 16.1662006 -70.0 11.763601 -10.247101 33.774067
0.0689000 1.2086000 0.3643000 0.0065000 0.0085000 250 5 300 200 392.3002930 0.1049000 0.3650000 0.0364000 33.1957016 0.0812000 16.1662006 -65.0 16.796469 -6.408762 40.001694
0.0689000 1.2086000 0.3643000 0.0065000 0.0085000 250 5 300 200 392.3002930 0.1049000 0.3650000 0.0364000 33.1957016 0.0812000 16.1662006 -60.0 23.586456 -0.706455 47.879131
0.0689000 1.2086000 0.3643000 0.0065000 0.0085000 250 5 300 200 392.3002930 0.1049000 0.3650000 0.0364000 33.1957016 0.0812000 16.1662006 -55.0 32.272194 7.105013 57.439373
0.0689000 1.2086000 0.3643000 0.0065000 0.0085000 250 5 300 200 392.3002930 0.1049000 0.3650000 0.0364000 33.1957016 0.0812000 16.1662006 -50.0 42.852482 17.105732 68.598999
0.0689000 1.2086000 0.3643000 0.0065000 0.0085000 250 5 300 200 392.3002930 0.1049000 0.3650000 0.0364000 33.1957016 0.0812000 16.1662006 -45.0 55.167919 29.165909 81.169922
0.0689000 1.2086000 0.3643000 0.0065000 0.0085000 250 5 300 200 392.3002930 0.1049000 0.3650000 0.0364000 33.1957016 0.0812000 16.1662006 -40.0 68.904922 42.940678 94.868919
0.0689000 1.2086000 0.3643000 0.0065000 0.0085000 250 5 300 200 392.3002930 0.1049000 0.3650000 0.0364000 33.1957016 0.0812000 16.1662006 -35.0 83.619911 57.903511 109.336311
0.0689000 1.2086000 0.3643000 0.0065000 0.0085000 250 5 300 200 392.3002930 0.1049000 0.3650000 0.0364000 33.1957016 0.0812000 16.1662006 -30.0 98.785416 73.412941 124.157898
0.0689000 1.2086000 0.3643000 0.0065000 0.0085000 250 5 300 200 392.3002930 0.1049000 0.3650000 0.0364000 33.1957016 0.0812000 16.1662006 -25.0 113.850540 88.803581 138.897263
0.0689000 1.2086000 0.3643000 0.0065000 0.0085000 250 5 300 200 392.3002930 0.1049000 0.3650000 0.0364000 33.1957016 0.0812000 16.1662006 -20.0 128.304550 103.474838 153.134018
0.0689000 1.2086000 0.3643000 0.0065000 0.0085000 250 5 300 200 392.3002930 0.1049000 0.3650000 0.0364000 33.1957016 0.0812000 16.1662006 -15.0 141.729660 116.960648 166.498657
0.0689000 1.2086000 0.3643000 0.0065000 0.0085000 250 5 300 200 392.3002930 0.1049000 0.3650000 0.0364000 33.1957016 0.0812000 16.1662006 -10.0 153.830704 128.963226 178.698410
0.0689000 1.2086000 0.3643000 0.0065000 0.0085000 250 5 300 200 392.3002930 0.1049000 0.3650000 0.0364000 33.1957016 0.0812000 16.1662006 -5.0 164.440872 139.350403 189.531326
0.0689000 1.2086000 0.3643000 0.0065000 0.0085000 250 5 300 200 392.3002930 0.1049000 0.3650000 0.0364000 33.1957016 0.0812000 16.1662006 0.0 173.506134 148.126251 198.886032
0.0689000 1.2086000 0.3643000 0.0065000 0.0085000 250 5 300 200 392.3002930 0.1049000 0.3650000 0.0364000 33.1957016 0.0812000 16.1662006 5.0 181.061646 155.387314 206.735977
0.0689000 1.2086000 0.3643000 0.0065000 0.0085000 250 5 300 200 392.3002930 0.1049000 0.3650000 0.0364000 33.1957016 0.0812000 16.1662006 10.0 187.204178 161.282486 213.125885
0.0689000 1.2086000 0.3643000 0.0065000 0.0085000 250 5 300 200 392.3002930 0.1049000 0.3650000 0.0364000 33.1957016 0.0812000 16.1662006 15.0 192.068314 165.983368 218.153244
0.0689000 1.2086000 0.3643000 0.0065000 0.0085000 250 5 300 200 392.3002930 0.1049000 0.3650000 0.0364000 33.1957016 0.0812000 16.1662006 20.0 195.808182 169.666840 221.949524
0.0689000 1.2086000 0.3643000 0.0065000 0.0085000 250 5 300 200 392.3002930 0.1049000 0.3650000 0.0364000 33.1957016 0.0812000 16.1662006 25.0 198.583450 172.503296 224.663605
0.0689000 1.2086000 0.3643000 0.0065000 0.0085000 250 5 300 200 392.3002930 0.1049000 0.3650000 0.0364000 33.1957016 0.0812000 16.1662006 30.0 200.549225 174.647598 226.451096
0.0689000 1.2086000 0.3643000 0.0065000 0.0085000 250 5 300 200 392.3002930 0.1049000 0.3650000 0.0364000 33.1957016 0.0812000 16.1662006 35.0 201.851303 176.234558 227.468033
0.0689000 1.2086000 0.3643000 0.0065000 0.0085000 250 5 300 200 392.3002930 0.1049000 0.3650000 0.0364000 33.1957016 0.0812000 16.1662006 40.0 202.620636 177.372208 227.868835
