C(%) Mn(%) Si(%) S(%) P(%) Ti(ppm) B(ppm) Al(ppm) N(ppm) O(ppm) Cr(%) Ni(%) Mo(%) V(ppm) Cu(%) Nb(ppm) Temp(Curve) Predicted Pred-err Pred+err
0.0689000 1.82 0.3643000 0.0065000 0.0085000 250 24.4503994 46.3552017 91.7948990 392.3002930 0.1049000 0.3650000 0.0364000 33.1957016 0.0812000 16.1662006 -120.0 12.426110 -11.950693 36.802921
0.0689000 1.82 0.3643000 0.0065000 0.0085000 250 24.4503994 46.3552017 91.7948990 392.3002930 0.1049000 0.3650000 0.0364000 33.1957016 0.0812000 16.1662006 -115.0 13.569725 -10.622328 37.761784
0.0689000 1.82 0.3643000 0.0065000 0.0085000 250 24.4503994 46.3552017 91.7948990 392.3002930 0.1049000 0.3650000 0.0364000 33.1957016 0.0812000 16.1662006 -110.0 15.421257 -8.647957 39.490471
0.0689000 1.82 0.3643000 0.0065000 0.0085000 250 24.4503994 46.3552017 91.7948990 392.3002930 0.1049000 0.3650000 0.0364000 33.1957016 0.0812000 16.1662006 -105.0 18.185534 -5.795009 42.166077
0.0689000 1.82 0.3643000 0.0065000 0.0085000 250 24.4503994 46.3552017 91.7948990 392.3002930 0.1049000 0.3650000 0.0364000 33.1957016 0.0812000 16.1662006 -100.0 22.085058 -1.785781 45.956139
0.0689000 1.82 0.3643000 0.0065000 0.0085000 250 24.4503994 46.3552017 91.7948990 392.3002930 0.1049000 0.3650000 0.0364000 33.1957016 0.0812000 16.1662006 -95.0 27.339714 3.679189 51.000237
0.0689000 1.82 0.3643000 0.0065000 0.0085000 250 24.4503994 46.3552017 91.7948990 392.3002930 0.1049000 0.3650000 0.0364000 33.1957016 0.0812000 16.1662006 -90.0 34.136154 10.878349 57.393963
0.0689000 1.82 0.3643000 0.0065000 0.0085000 250 24.4503994 46.3552017 91.7948990 392.3002930 0.1049000 0.3650000 0.0364000 33.1957016 0.0812000 16.1662006 -85.0 42.589825 19.994286 65.185364
0.0689000 1.82 0.3643000 0.0065000 0.0085000 250 24.4503994 46.3552017 91.7948990 392.3002930 0.1049000 0.3650000 0.0364000 33.1957016 0.0812000 16.1662006 -80.0 52.707169 31.036566 74.378021
0.0689000 1.82 0.3643000 0.0065000 0.0085000 250 24.4503994 46.3552017 91.7948990 392.3002930 0.1049000 0.3650000 0.0364000 33.1957016 0.0812000 16.1662006 -75.0 64.364876 43.803947 84.925804
0.0689000 1.82 0.3643000 0.0065000 0.0085000 250 24.4503994 46.3552017 91.7948990 392.3002930 0.1049000 0.3650000 0.0364000 33.1957016 0.0812000 16.1662006 -70.0 77.308876 57.907093 96.710419
0.0689000 1.82 0.3643000 0.0065000 0.0085000 250 24.4503994 46.3552017 91.7948990 392.3002930 0.1049000 0.3650000 0.0364000 33.1957016 0.0812000 16.1662006 -65.0 91.176849 72.835510 109.518425
0.0689000 1.82 0.3643000 0.0065000 0.0085000 250 24.4503994 46.3552017 91.7948990 392.3002930 0.1049000 0.3650000 0.0364000 33.1957016 0.0812000 16.1662006 -60.0 105.530952 88.028984 123.033157
0.0689000 1.82 0.3643000 0.0065000 0.0085000 250 24.4503994 46.3552017 91.7948990 392.3002930 0.1049000 0.3650000 0.0364000 33.1957016 0.0812000 16.1662006 -55.0 119.898918 102.940193 136.857635
0.0689000 1.82 0.3643000 0.0065000 0.0085000 250 24.4503994 46.3552017 91.7948990 392.3002930 0.1049000 0.3650000 0.0364000 33.1957016 0.0812000 16.1662006 -50.0 133.819229 117.077522 150.560944
0.0689000 1.82 0.3643000 0.0065000 0.0085000 250 24.4503994 46.3552017 91.7948990 392.3002930 0.1049000 0.3650000 0.0364000 33.1957016 0.0812000 16.1662006 -45.0 146.884399 130.042313 163.726501
0.0689000 1.82 0.3643000 0.0065000 0.0085000 250 24.4503994 46.3552017 91.7948990 392.3002930 0.1049000 0.3650000 0.0364000 33.1957016 0.0812000 16.1662006 -40.0 158.776566 141.563309 175.990067
0.0689000 1.82 0.3643000 0.0065000 0.0085000 250 24.4503994 46.3552017 91.7948990 392.3002930 0.1049000 0.3650000 0.0364000 33.1957016 0.0812000 16.1662006 -35.0 169.288269 151.517181 187.059113
0.0689000 1.82 0.3643000 0.0065000 0.0085000 250 24.4503994 46.3552017 91.7948990 392.3002930 0.1049000 0.3650000 0.0364000 33.1957016 0.0812000 16.1662006 -30.0 178.325333 159.918991 196.731445
0.0689000 1.82 0.3643000 0.0065000 0.0085000 250 24.4503994 46.3552017 91.7948990 392.3002930 0.1049000 0.3650000 0.0364000 33.1957016 0.0812000 16.1662006 -25.0 185.896378 166.886078 204.906677
0.0689000 1.82 0.3643000 0.0065000 0.0085000 250 24.4503994 46.3552017 91.7948990 392.3002930 0.1049000 0.3650000 0.0364000 33.1957016 0.0812000 16.1662006 -20.0 192.089584 172.592911 211.585999
0.0689000 1.82 0.3643000 0.0065000 0.0085000 250 24.4503994 46.3552017 91.7948990 392.3002930 0.1049000 0.3650000 0.0364000 33.1957016 0.0812000 16.1662006 -15.0 197.045013 177.234055 216.855957
0.0689000 1.82 0.3643000 0.0065000 0.0085000 250 24.4503994 46.3552017 91.7948990 392.3002930 0.1049000 0.3650000 0.0364000 33.1957016 0.0812000 16.1662006 -10.0 200.929947 180.997360 220.862549
0.0689000 1.82 0.3643000 0.0065000 0.0085000 250 24.4503994 46.3552017 91.7948990 392.3002930 0.1049000 0.3650000 0.0364000 33.1957016 0.0812000 16.1662006 -5.0 203.917450 184.049149 223.785995
0.0689000 1.82 0.3643000 0.0065000 0.0085000 250 24.4503994 46.3552017 91.7948990 392.3002930 0.1049000 0.3650000 0.0364000 33.1957016 0.0812000 16.1662006 0.0 206.172180 186.523758 225.820618
0.0689000 1.82 0.3643000 0.0065000 0.0085000 250 24.4503994 46.3552017 91.7948990 392.3002930 0.1049000 0.3650000 0.0364000 33.1957016 0.0812000 16.1662006 5.0 207.841599 188.521072 227.161880
0.0689000 1.82 0.3643000 0.0065000 0.0085000 250 24.4503994 46.3552017 91.7948990 392.3002930 0.1049000 0.3650000 0.0364000 33.1957016 0.0812000 16.1662006 10.0 209.051651 190.106598 227.996704
0.0689000 1.82 0.3643000 0.0065000 0.0085000 250 24.4503994 46.3552017 91.7948990 392.3002930 0.1049000 0.3650000 0.0364000 33.1957016 0.0812000 16.1662006 15.0 209.907028 191.315704 228.498367
0.0689000 1.82 0.3643000 0.0065000 0.0085000 250 24.4503994 46.3552017 91.7948990 392.3002930 0.1049000 0.3650000 0.0364000 33.1957016 0.0812000 16.1662006 20.0 210.491867 192.164871 228.819107
0.0689000 1.82 0.3643000 0.0065000 0.0085000 250 24.4503994 46.3552017 91.7948990 392.3002930 0.1049000 0.3650000 0.0364000 33.1957016 0.0812000 16.1662006 25.0 210.873306 192.661743 229.084869
0.0689000 1.82 0.3643000 0.0065000 0.0085000 250 24.4503994 46.3552017 91.7948990 392.3002930 0.1049000 0.3650000 0.0364000 33.1957016 0.0812000 16.1662006 30.0 211.104904 192.820450 229.389359
0.0689000 1.82 0.3643000 0.0065000 0.0085000 250 24.4503994 46.3552017 91.7948990 392.3002930 0.1049000 0.3650000 0.0364000 33.1957016 0.0812000 16.1662006 35.0 211.230621 192.665329 229.795654
0.0689000 1.82 0.3643000 0.0065000 0.0085000 250 24.4503994 46.3552017 91.7948990 392.3002930 0.1049000 0.3650000 0.0364000 33.1957016 0.0812000 16.1662006 40.0 211.286545 192.231552 230.341537
