C(%) Mn(%) Si(%) S(%) P(%) Ti(ppm) B(ppm) Al(ppm) N(ppm) O(ppm) Cr(%) Ni(%) Mo(%) V(ppm) Cu(%) Nb(ppm) Temp(Curve) Predicted Pred-err Pred+err
0.0689000 1.2086000 0.3643000 0.0065000 0.0085000 28 24.4503994 46.3552017 91.7948990 392.3002930 0.1049000 0.3650000 0.0364000 3.0 0.0812000 16.1662006 -40.0000000 147.280899 140.428299 154.133514
0.0689000 1.2086000 0.3643000 0.0065000 0.0085000 28 24.4503994 46.3552017 91.7948990 392.3002930 0.1049000 0.3650000 0.0364000 43.0 0.0812000 16.1662006 -40.0000000 152.747559 143.394760 162.100342
0.0689000 1.2086000 0.3643000 0.0065000 0.0085000 28 24.4503994 46.3552017 91.7948990 392.3002930 0.1049000 0.3650000 0.0364000 83.0 0.0812000 16.1662006 -40.0000000 156.791199 145.047455 168.534943
0.0689000 1.2086000 0.3643000 0.0065000 0.0085000 28 24.4503994 46.3552017 91.7948990 392.3002930 0.1049000 0.3650000 0.0364000 123.0 0.0812000 16.1662006 -40.0000000 159.172348 145.472153 172.872787
0.0689000 1.2086000 0.3643000 0.0065000 0.0085000 28 24.4503994 46.3552017 91.7948990 392.3002930 0.1049000 0.3650000 0.0364000 163.0 0.0812000 16.1662006 -40.0000000 160.222519 144.105560 176.339478
0.0689000 1.2086000 0.3643000 0.0065000 0.0085000 28 24.4503994 46.3552017 91.7948990 392.3002930 0.1049000 0.3650000 0.0364000 203.0 0.0812000 16.1662006 -40.0000000 160.407028 141.497589 179.316711
0.0689000 1.2086000 0.3643000 0.0065000 0.0085000 28 24.4503994 46.3552017 91.7948990 392.3002930 0.1049000 0.3650000 0.0364000 243.0 0.0812000 16.1662006 -40.0000000 160.099915 138.548325 181.651489
0.0689000 1.2086000 0.3643000 0.0065000 0.0085000 28 24.4503994 46.3552017 91.7948990 392.3002930 0.1049000 0.3650000 0.0364000 283.0 0.0812000 16.1662006 -40.0000000 159.531326 135.665512 183.397385
0.0689000 1.2086000 0.3643000 0.0065000 0.0085000 28 24.4503994 46.3552017 91.7948990 392.3002930 0.1049000 0.3650000 0.0364000 323.0 0.0812000 16.1662006 -40.0000000 158.828186 132.769547 184.886841
0.0689000 1.2086000 0.3643000 0.0065000 0.0085000 28 24.4503994 46.3552017 91.7948990 392.3002930 0.1049000 0.3650000 0.0364000 363.0 0.0812000 16.1662006 -40.0000000 158.070328 129.683578 186.457062
0.0689000 1.2086000 0.3643000 0.0065000 0.0085000 28 24.4503994 46.3552017 91.7948990 392.3002930 0.1049000 0.3650000 0.0364000 403.0 0.0812000 16.1662006 -40.0000000 157.316040 126.412857 188.219452
0.0689000 1.2086000 0.3643000 0.0065000 0.0085000 28 24.4503994 46.3552017 91.7948990 392.3002930 0.1049000 0.3650000 0.0364000 443.0 0.0812000 16.1662006 -40.0000000 156.585175 123.102234 190.068359
0.0689000 1.2086000 0.3643000 0.0065000 0.0085000 28 24.4503994 46.3552017 91.7948990 392.3002930 0.1049000 0.3650000 0.0364000 483.0 0.0812000 16.1662006 -40.0000000 155.845230 119.849205 191.841507
0.0689000 1.2086000 0.3643000 0.0065000 0.0085000 28 24.4503994 46.3552017 91.7948990 392.3002930 0.1049000 0.3650000 0.0364000 523.0 0.0812000 16.1662006 -40.0000000 155.032639 116.635132 193.430130
0.0689000 1.2086000 0.3643000 0.0065000 0.0085000 28 24.4503994 46.3552017 91.7948990 392.3002930 0.1049000 0.3650000 0.0364000 563.0 0.0812000 16.1662006 -40.0000000 154.087387 113.383774 194.791245
0.0689000 1.2086000 0.3643000 0.0065000 0.0085000 28 24.4503994 46.3552017 91.7948990 392.3002930 0.1049000 0.3650000 0.0364000 603.0 0.0812000 16.1662006 -40.0000000 152.974609 110.029892 195.919083
0.0689000 1.2086000 0.3643000 0.0065000 0.0085000 28 24.4503994 46.3552017 91.7948990 392.3002930 0.1049000 0.3650000 0.0364000 643.0 0.0812000 16.1662006 -40.0000000 151.684479 106.551239 196.817474
0.0689000 1.2086000 0.3643000 0.0065000 0.0085000 28 24.4503994 46.3552017 91.7948990 392.3002930 0.1049000 0.3650000 0.0364000 683.0 0.0812000 16.1662006 -40.0000000 150.226349 102.964333 197.488586
0.0689000 1.2086000 0.3643000 0.0065000 0.0085000 28 24.4503994 46.3552017 91.7948990 392.3002930 0.1049000 0.3650000 0.0364000 723.0 0.0812000 16.1662006 -40.0000000 148.619064 99.306198 197.931702
0.0689000 1.2086000 0.3643000 0.0065000 0.0085000 28 24.4503994 46.3552017 91.7948990 392.3002930 0.1049000 0.3650000 0.0364000 763.0 0.0812000 16.1662006 -40.0000000 146.881302 95.617470 198.145126
0.0689000 1.2086000 0.3643000 0.0065000 0.0085000 28 24.4503994 46.3552017 91.7948990 392.3002930 0.1049000 0.3650000 0.0364000 803.0 0.0812000 16.1662006 -40.0000000 145.029282 91.927551 198.131027
0.0689000 1.2086000 0.3643000 0.0065000 0.0085000 28 24.4503994 46.3552017 91.7948990 392.3002930 0.1049000 0.3650000 0.0364000 840.0000000 0.0812000 16.1662006 -40.0000000 143.224121 88.526581 197.921661
