C(%) Mn(%) Si(%) S(%) P(%) Ti(ppm) B(ppm) Al(ppm) N(ppm) O(ppm) Cr(%) Ni(%) Mo(%) V(ppm) Cu(%) Nb(ppm) Temp(Curve) Predicted Pred-err Pred+err
0.035 1.2086000 0.3643000 0.0065000 0.0085000 132.9290009 24.4503994 46.3552017 91.7948990 392.3002930 0.1049000 0.3650000 0.0364000 33.1957016 0.0812000 16.1662006 -40.0000000 137.740509 119.980415 155.500595
0.042 1.2086000 0.3643000 0.0065000 0.0085000 132.9290009 24.4503994 46.3552017 91.7948990 392.3002930 0.1049000 0.3650000 0.0364000 33.1957016 0.0812000 16.1662006 -40.0000000 140.536560 125.541702 155.531433
0.049 1.2086000 0.3643000 0.0065000 0.0085000 132.9290009 24.4503994 46.3552017 91.7948990 392.3002930 0.1049000 0.3650000 0.0364000 33.1957016 0.0812000 16.1662006 -40.0000000 142.510712 129.605179 155.416458
0.05600000000000001 1.2086000 0.3643000 0.0065000 0.0085000 132.9290009 24.4503994 46.3552017 91.7948990 392.3002930 0.1049000 0.3650000 0.0364000 33.1957016 0.0812000 16.1662006 -40.0000000 143.544617 131.934952 155.154526
0.063 1.2086000 0.3643000 0.0065000 0.0085000 132.9290009 24.4503994 46.3552017 91.7948990 392.3002930 0.1049000 0.3650000 0.0364000 33.1957016 0.0812000 16.1662006 -40.0000000 143.597443 132.329071 154.865570
0.07 1.2086000 0.3643000 0.0065000 0.0085000 132.9290009 24.4503994 46.3552017 91.7948990 392.3002930 0.1049000 0.3650000 0.0364000 33.1957016 0.0812000 16.1662006 -40.0000000 142.713623 130.906784 154.520218
0.07700000000000001 1.2086000 0.3643000 0.0065000 0.0085000 132.9290009 24.4503994 46.3552017 91.7948990 392.3002930 0.1049000 0.3650000 0.0364000 33.1957016 0.0812000 16.1662006 -40.0000000 140.995209 128.179306 153.810867
0.084 1.2086000 0.3643000 0.0065000 0.0085000 132.9290009 24.4503994 46.3552017 91.7948990 392.3002930 0.1049000 0.3650000 0.0364000 33.1957016 0.0812000 16.1662006 -40.0000000 138.566254 124.680824 152.451431
0.091 1.2086000 0.3643000 0.0065000 0.0085000 132.9290009 24.4503994 46.3552017 91.7948990 392.3002930 0.1049000 0.3650000 0.0364000 33.1957016 0.0812000 16.1662006 -40.0000000 135.553177 120.669930 150.436188
0.098 1.2086000 0.3643000 0.0065000 0.0085000 132.9290009 24.4503994 46.3552017 91.7948990 392.3002930 0.1049000 0.3650000 0.0364000 33.1957016 0.0812000 16.1662006 -40.0000000 132.070465 116.127014 148.013687
0.10500000000000001 1.2086000 0.3643000 0.0065000 0.0085000 132.9290009 24.4503994 46.3552017 91.7948990 392.3002930 0.1049000 0.3650000 0.0364000 33.1957016 0.0812000 16.1662006 -40.0000000 128.207993 110.912277 145.503937
0.112 1.2086000 0.3643000 0.0065000 0.0085000 132.9290009 24.4503994 46.3552017 91.7948990 392.3002930 0.1049000 0.3650000 0.0364000 33.1957016 0.0812000 16.1662006 -40.0000000 124.036484 104.951859 143.121353
0.11900000000000001 1.2086000 0.3643000 0.0065000 0.0085000 132.9290009 24.4503994 46.3552017 91.7948990 392.3002930 0.1049000 0.3650000 0.0364000 33.1957016 0.0812000 16.1662006 -40.0000000 119.624542 98.341354 140.907730
0.126 1.2086000 0.3643000 0.0065000 0.0085000 132.9290009 24.4503994 46.3552017 91.7948990 392.3002930 0.1049000 0.3650000 0.0364000 33.1957016 0.0812000 16.1662006 -40.0000000 115.050560 91.312599 138.788284
0.133 1.2086000 0.3643000 0.0065000 0.0085000 132.9290009 24.4503994 46.3552017 91.7948990 392.3002930 0.1049000 0.3650000 0.0364000 33.1957016 0.0812000 16.1662006 -40.0000000 110.398422 84.145233 136.651382
0.14 1.2086000 0.3643000 0.0065000 0.0085000 132.9290009 24.4503994 46.3552017 91.7948990 392.3002930 0.1049000 0.3650000 0.0364000 33.1957016 0.0812000 16.1662006 -40.0000000 105.743187 77.096886 134.389481
0.14700000000000002 1.2086000 0.3643000 0.0065000 0.0085000 132.9290009 24.4503994 46.3552017 91.7948990 392.3002930 0.1049000 0.3650000 0.0364000 33.1957016 0.0812000 16.1662006 -40.0000000 101.142914 70.354691 131.930893
0.1520000 1.2086000 0.3643000 0.0065000 0.0085000 132.9290009 24.4503994 46.3552017 91.7948990 392.3002930 0.1049000 0.3650000 0.0364000 33.1957016 0.0812000 16.1662006 -40.0000000 97.915695 65.774261 130.056900
