C(%) Mn(%) Si(%) S(%) P(%) Ti(ppm) B(ppm) Al(ppm) N(ppm) O(ppm) Cr(%) Ni(%) Mo(%) V(ppm) Cu(%) Nb(ppm) Temp(Curve) Predicted Pred-err Pred+err
0.0689000 1.2086000 0.3643000 0.0065000 0.0085000 132.9290009 24.4503994 46.3552017 91.7948990 392.3002930 0.1049000 0.3650000 0.005 33.1957016 0.0812000 16.1662006 -40.0000000 141.748779 130.513382 152.984161
0.0689000 1.2086000 0.3643000 0.0065000 0.0085000 132.9290009 24.4503994 46.3552017 91.7948990 392.3002930 0.1049000 0.3650000 0.055 33.1957016 0.0812000 16.1662006 -40.0000000 143.523834 131.431137 155.616501
0.0689000 1.2086000 0.3643000 0.0065000 0.0085000 132.9290009 24.4503994 46.3552017 91.7948990 392.3002930 0.1049000 0.3650000 0.10500000000000001 33.1957016 0.0812000 16.1662006 -40.0000000 144.884689 131.204086 158.565048
0.0689000 1.2086000 0.3643000 0.0065000 0.0085000 132.9290009 24.4503994 46.3552017 91.7948990 392.3002930 0.1049000 0.3650000 0.15500000000000003 33.1957016 0.0812000 16.1662006 -40.0000000 145.814163 130.013397 161.614929
0.0689000 1.2086000 0.3643000 0.0065000 0.0085000 132.9290009 24.4503994 46.3552017 91.7948990 392.3002930 0.1049000 0.3650000 0.20500000000000002 33.1957016 0.0812000 16.1662006 -40.0000000 146.304352 128.023010 164.585938
0.0689000 1.2086000 0.3643000 0.0065000 0.0085000 132.9290009 24.4503994 46.3552017 91.7948990 392.3002930 0.1049000 0.3650000 0.255 33.1957016 0.0812000 16.1662006 -40.0000000 146.353104 125.362213 167.344238
0.0689000 1.2086000 0.3643000 0.0065000 0.0085000 132.9290009 24.4503994 46.3552017 91.7948990 392.3002930 0.1049000 0.3650000 0.30500000000000005 33.1957016 0.0812000 16.1662006 -40.0000000 145.960434 122.131889 169.788971
0.0689000 1.2086000 0.3643000 0.0065000 0.0085000 132.9290009 24.4503994 46.3552017 91.7948990 392.3002930 0.1049000 0.3650000 0.35500000000000004 33.1957016 0.0812000 16.1662006 -40.0000000 145.128235 118.415199 171.841019
0.0689000 1.2086000 0.3643000 0.0065000 0.0085000 132.9290009 24.4503994 46.3552017 91.7948990 392.3002930 0.1049000 0.3650000 0.405 33.1957016 0.0812000 16.1662006 -40.0000000 143.859375 114.283134 173.435638
0.0689000 1.2086000 0.3643000 0.0065000 0.0085000 132.9290009 24.4503994 46.3552017 91.7948990 392.3002930 0.1049000 0.3650000 0.455 33.1957016 0.0812000 16.1662006 -40.0000000 142.159378 109.799728 174.518784
0.0689000 1.2086000 0.3643000 0.0065000 0.0085000 132.9290009 24.4503994 46.3552017 91.7948990 392.3002930 0.1049000 0.3650000 0.505 33.1957016 0.0812000 16.1662006 -40.0000000 140.035858 105.024513 175.047211
0.0689000 1.2086000 0.3643000 0.0065000 0.0085000 132.9290009 24.4503994 46.3552017 91.7948990 392.3002930 0.1049000 0.3650000 0.555 33.1957016 0.0812000 16.1662006 -40.0000000 137.501022 100.014351 174.987457
0.0689000 1.2086000 0.3643000 0.0065000 0.0085000 132.9290009 24.4503994 46.3552017 91.7948990 392.3002930 0.1049000 0.3650000 0.6050000000000001 33.1957016 0.0812000 16.1662006 -40.0000000 134.571365 94.824471 174.318253
0.0689000 1.2086000 0.3643000 0.0065000 0.0085000 132.9290009 24.4503994 46.3552017 91.7948990 392.3002930 0.1049000 0.3650000 0.655 33.1957016 0.0812000 16.1662006 -40.0000000 131.269333 89.508148 173.030533
0.0689000 1.2086000 0.3643000 0.0065000 0.0085000 132.9290009 24.4503994 46.3552017 91.7948990 392.3002930 0.1049000 0.3650000 0.7050000000000001 33.1957016 0.0812000 16.1662006 -40.0000000 127.621964 84.113686 171.130478
0.0689000 1.2086000 0.3643000 0.0065000 0.0085000 132.9290009 24.4503994 46.3552017 91.7948990 392.3002930 0.1049000 0.3650000 0.755 33.1957016 0.0812000 16.1662006 -40.0000000 123.662445 78.684799 168.640091
0.0689000 1.2086000 0.3643000 0.0065000 0.0085000 132.9290009 24.4503994 46.3552017 91.7948990 392.3002930 0.1049000 0.3650000 0.805 33.1957016 0.0812000 16.1662006 -40.0000000 119.428322 73.256157 165.600250
0.0689000 1.2086000 0.3643000 0.0065000 0.0085000 132.9290009 24.4503994 46.3552017 91.7948990 392.3002930 0.1049000 0.3650000 0.8550000000000001 33.1957016 0.0812000 16.1662006 -40.0000000 114.961891 67.851646 162.071899
0.0689000 1.2086000 0.3643000 0.0065000 0.0085000 132.9290009 24.4503994 46.3552017 91.7948990 392.3002930 0.1049000 0.3650000 0.905 33.1957016 0.0812000 16.1662006 -40.0000000 110.309998 62.484661 158.135086
0.0689000 1.2086000 0.3643000 0.0065000 0.0085000 132.9290009 24.4503994 46.3552017 91.7948990 392.3002930 0.1049000 0.3650000 0.9550000000000001 33.1957016 0.0812000 16.1662006 -40.0000000 105.523064 57.157352 153.888535
0.0689000 1.2086000 0.3643000 0.0065000 0.0085000 132.9290009 24.4503994 46.3552017 91.7948990 392.3002930 0.1049000 0.3650000 1.005 33.1957016 0.0812000 16.1662006 -40.0000000 100.653679 51.862068 149.445297
0.0689000 1.2086000 0.3643000 0.0065000 0.0085000 132.9290009 24.4503994 46.3552017 91.7948990 392.3002930 0.1049000 0.3650000 1.055 33.1957016 0.0812000 16.1662006 -40.0000000 95.756088 46.583275 144.928909
0.0689000 1.2086000 0.3643000 0.0065000 0.0085000 132.9290009 24.4503994 46.3552017 91.7948990 392.3002930 0.1049000 0.3650000 1.105 33.1957016 0.0812000 16.1662006 -40.0000000 90.883598 41.300896 140.466064
0.0689000 1.2086000 0.3643000 0.0065000 0.0085000 132.9290009 24.4503994 46.3552017 91.7948990 392.3002930 0.1049000 0.3650000 1.1500000 33.1957016 0.0812000 16.1662006 -40.0000000 86.561523 36.524963 136.598328
