C(%) Mn(%) Si(%) S(%) P(%) Ti(ppm) B(ppm) Al(ppm) N(ppm) O(ppm) Cr(%) Ni(%) Mo(%) V(ppm) Cu(%) Nb(ppm) Temp(Curve) Predicted Pred-err Pred+err
0.0689000 1.2086000 0.3643000 0.0065000 0.0085000 28 5 20 55 392.3002930 0.1049000 0.3650000 0.0364000 33.1957016 0.0812000 16.1662006 -120.0 12.834322 6.007290 19.661362
0.0689000 1.2086000 0.3643000 0.0065000 0.0085000 28 5 20 55 392.3002930 0.1049000 0.3650000 0.0364000 33.1957016 0.0812000 16.1662006 -119.0 13.026722 6.285725 19.767954
0.0689000 1.2086000 0.3643000 0.0065000 0.0085000 28 5 20 55 392.3002930 0.1049000 0.3650000 0.0364000 33.1957016 0.0812000 16.1662006 -118.0 13.247313 6.587346 19.907290
0.0689000 1.2086000 0.3643000 0.0065000 0.0085000 28 5 20 55 392.3002930 0.1049000 0.3650000 0.0364000 33.1957016 0.0812000 16.1662006 -117.0 13.497786 6.914052 20.081284
0.0689000 1.2086000 0.3643000 0.0065000 0.0085000 28 5 20 55 392.3002930 0.1049000 0.3650000 0.0364000 33.1957016 0.0812000 16.1662006 -116.0 13.780046 7.268730 20.291605
0.0689000 1.2086000 0.3643000 0.0065000 0.0085000 28 5 20 55 392.3002930 0.1049000 0.3650000 0.0364000 33.1957016 0.0812000 16.1662006 -115.0 14.096724 7.653522 20.539925
0.0689000 1.2086000 0.3643000 0.0065000 0.0085000 28 5 20 55 392.3002930 0.1049000 0.3650000 0.0364000 33.1957016 0.0812000 16.1662006 -114.0 14.450205 8.071293 20.828875
0.0689000 1.2086000 0.3643000 0.0065000 0.0085000 28 5 20 55 392.3002930 0.1049000 0.3650000 0.0364000 33.1957016 0.0812000 16.1662006 -113.0 14.842640 8.524678 21.160845
0.0689000 1.2086000 0.3643000 0.0065000 0.0085000 28 5 20 55 392.3002930 0.1049000 0.3650000 0.0364000 33.1957016 0.0812000 16.1662006 -112.0 15.276907 9.016063 21.537987
0.0689000 1.2086000 0.3643000 0.0065000 0.0085000 28 5 20 55 392.3002930 0.1049000 0.3650000 0.0364000 33.1957016 0.0812000 16.1662006 -111.0 15.755862 9.548310 21.963165
0.0689000 1.2086000 0.3643000 0.0065000 0.0085000 28 5 20 55 392.3002930 0.1049000 0.3650000 0.0364000 33.1957016 0.0812000 16.1662006 -110.0 16.281898 10.124306 22.439493
0.0689000 1.2086000 0.3643000 0.0065000 0.0085000 28 5 20 55 392.3002930 0.1049000 0.3650000 0.0364000 33.1957016 0.0812000 16.1662006 -109.0 16.858366 10.746657 22.970074
0.0689000 1.2086000 0.3643000 0.0065000 0.0085000 28 5 20 55 392.3002930 0.1049000 0.3650000 0.0364000 33.1957016 0.0812000 16.1662006 -108.0 17.488131 11.418489 23.557779
0.0689000 1.2086000 0.3643000 0.0065000 0.0085000 28 5 20 55 392.3002930 0.1049000 0.3650000 0.0364000 33.1957016 0.0812000 16.1662006 -107.0 18.174059 12.142182 24.205708
0.0689000 1.2086000 0.3643000 0.0065000 0.0085000 28 5 20 55 392.3002930 0.1049000 0.3650000 0.0364000 33.1957016 0.0812000 16.1662006 -106.0 18.919506 12.921320 24.917450
0.0689000 1.2086000 0.3643000 0.0065000 0.0085000 28 5 20 55 392.3002930 0.1049000 0.3650000 0.0364000 33.1957016 0.0812000 16.1662006 -105.0 19.727325 13.758535 25.696110
0.0689000 1.2086000 0.3643000 0.0065000 0.0085000 28 5 20 55 392.3002930 0.1049000 0.3650000 0.0364000 33.1957016 0.0812000 16.1662006 -104.0 20.600868 14.656458 26.545034
0.0689000 1.2086000 0.3643000 0.0065000 0.0085000 28 5 20 55 392.3002930 0.1049000 0.3650000 0.0364000 33.1957016 0.0812000 16.1662006 -103.0 21.543009 15.618436 27.467339
0.0689000 1.2086000 0.3643000 0.0065000 0.0085000 28 5 20 55 392.3002930 0.1049000 0.3650000 0.0364000 33.1957016 0.0812000 16.1662006 -102.0 22.556847 16.647333 28.466354
0.0689000 1.2086000 0.3643000 0.0065000 0.0085000 28 5 20 55 392.3002930 0.1049000 0.3650000 0.0364000 33.1957016 0.0812000 16.1662006 -101.0 23.645247 17.746010 29.544483
0.0689000 1.2086000 0.3643000 0.0065000 0.0085000 28 5 20 55 392.3002930 0.1049000 0.3650000 0.0364000 33.1957016 0.0812000 16.1662006 -100.0 24.811092 18.916878 30.705072
0.0689000 1.2086000 0.3643000 0.0065000 0.0085000 28 5 20 55 392.3002930 0.1049000 0.3650000 0.0364000 33.1957016 0.0812000 16.1662006 -99.0 26.056763 20.163260 31.950258
0.0689000 1.2086000 0.3643000 0.0065000 0.0085000 28 5 20 55 392.3002930 0.1049000 0.3650000 0.0364000 33.1957016 0.0812000 16.1662006 -98.0 27.384886 21.487558 33.282207
0.0689000 1.2086000 0.3643000 0.0065000 0.0085000 28 5 20 55 392.3002930 0.1049000 0.3650000 0.0364000 33.1957016 0.0812000 16.1662006 -97.0 28.797848 22.891924 34.703537
0.0689000 1.2086000 0.3643000 0.0065000 0.0085000 28 5 20 55 392.3002930 0.1049000 0.3650000 0.0364000 33.1957016 0.0812000 16.1662006 -96.0 30.297094 24.378740 36.215458
0.0689000 1.2086000 0.3643000 0.0065000 0.0085000 28 5 20 55 392.3002930 0.1049000 0.3650000 0.0364000 33.1957016 0.0812000 16.1662006 -95.0 31.885014 25.950405 37.819622
0.0689000 1.2086000 0.3643000 0.0065000 0.0085000 28 5 20 55 392.3002930 0.1049000 0.3650000 0.0364000 33.1957016 0.0812000 16.1662006 -94.0 33.562557 27.608105 39.517002
0.0689000 1.2086000 0.3643000 0.0065000 0.0085000 28 5 20 55 392.3002930 0.1049000 0.3650000 0.0364000 33.1957016 0.0812000 16.1662006 -93.0 35.330917 29.353523 41.308071
0.0689000 1.2086000 0.3643000 0.0065000 0.0085000 28 5 20 55 392.3002930 0.1049000 0.3650000 0.0364000 33.1957016 0.0812000 16.1662006 -92.0 37.190811 31.187853 43.193542
0.0689000 1.2086000 0.3643000 0.0065000 0.0085000 28 5 20 55 392.3002930 0.1049000 0.3650000 0.0364000 33.1957016 0.0812000 16.1662006 -91.0 39.142490 33.111801 45.173176
0.0689000 1.2086000 0.3643000 0.0065000 0.0085000 28 5 20 55 392.3002930 0.1049000 0.3650000 0.0364000 33.1957016 0.0812000 16.1662006 -90.0 41.186176 35.125618 47.246738
0.0689000 1.2086000 0.3643000 0.0065000 0.0085000 28 5 20 55 392.3002930 0.1049000 0.3650000 0.0364000 33.1957016 0.0812000 16.1662006 -89.0 43.321404 37.229053 49.413750
0.0689000 1.2086000 0.3643000 0.0065000 0.0085000 28 5 20 55 392.3002930 0.1049000 0.3650000 0.0364000 33.1957016 0.0812000 16.1662006 -88.0 45.547215 39.421879 51.672539
0.0689000 1.2086000 0.3643000 0.0065000 0.0085000 28 5 20 55 392.3002930 0.1049000 0.3650000 0.0364000 33.1957016 0.0812000 16.1662006 -87.0 47.862400 41.702656 54.022152
0.0689000 1.2086000 0.3643000 0.0065000 0.0085000 28 5 20 55 392.3002930 0.1049000 0.3650000 0.0364000 33.1957016 0.0812000 16.1662006 -86.0 50.265545 44.070431 56.460426
0.0689000 1.2086000 0.3643000 0.0065000 0.0085000 28 5 20 55 392.3002930 0.1049000 0.3650000 0.0364000 33.1957016 0.0812000 16.1662006 -85.0 52.754494 46.523521 58.985222
0.0689000 1.2086000 0.3643000 0.0065000 0.0085000 28 5 20 55 392.3002930 0.1049000 0.3650000 0.0364000 33.1957016 0.0812000 16.1662006 -84.0 55.326614 49.059315 61.593906
0.0689000 1.2086000 0.3643000 0.0065000 0.0085000 28 5 20 55 392.3002930 0.1049000 0.3650000 0.0364000 33.1957016 0.0812000 16.1662006 -83.0 57.979755 51.675411 64.283852
0.0689000 1.2086000 0.3643000 0.0065000 0.0085000 28 5 20 55 392.3002930 0.1049000 0.3650000 0.0364000 33.1957016 0.0812000 16.1662006 -82.0 60.710327 54.369179 67.051476
0.0689000 1.2086000 0.3643000 0.0065000 0.0085000 28 5 20 55 392.3002930 0.1049000 0.3650000 0.0364000 33.1957016 0.0812000 16.1662006 -81.0 63.514988 57.137276 69.892944
0.0689000 1.2086000 0.3643000 0.0065000 0.0085000 28 5 20 55 392.3002930 0.1049000 0.3650000 0.0364000 33.1957016 0.0812000 16.1662006 -80.0 66.390160 59.976120 72.804443
0.0689000 1.2086000 0.3643000 0.0065000 0.0085000 28 5 20 55 392.3002930 0.1049000 0.3650000 0.0364000 33.1957016 0.0812000 16.1662006 -79.0 69.331772 62.881878 75.781425
0.0689000 1.2086000 0.3643000 0.0065000 0.0085000 28 5 20 55 392.3002930 0.1049000 0.3650000 0.0364000 33.1957016 0.0812000 16.1662006 -78.0 72.335289 65.850975 78.819595
0.0689000 1.2086000 0.3643000 0.0065000 0.0085000 28 5 20 55 392.3002930 0.1049000 0.3650000 0.0364000 33.1957016 0.0812000 16.1662006 -77.0 75.396393 68.879349 81.913689
0.0689000 1.2086000 0.3643000 0.0065000 0.0085000 28 5 20 55 392.3002930 0.1049000 0.3650000 0.0364000 33.1957016 0.0812000 16.1662006 -76.0 78.510567 71.962448 85.058693
0.0689000 1.2086000 0.3643000 0.0065000 0.0085000 28 5 20 55 392.3002930 0.1049000 0.3650000 0.0364000 33.1957016 0.0812000 16.1662006 -75.0 81.672539 75.095978 88.249344
0.0689000 1.2086000 0.3643000 0.0065000 0.0085000 28 5 20 55 392.3002930 0.1049000 0.3650000 0.0364000 33.1957016 0.0812000 16.1662006 -74.0 84.877525 78.275154 91.479904
0.0689000 1.2086000 0.3643000 0.0065000 0.0085000 28 5 20 55 392.3002930 0.1049000 0.3650000 0.0364000 33.1957016 0.0812000 16.1662006 -73.0 88.120277 81.495682 94.745117
0.0689000 1.2086000 0.3643000 0.0065000 0.0085000 28 5 20 55 392.3002930 0.1049000 0.3650000 0.0364000 33.1957016 0.0812000 16.1662006 -72.0 91.395538 84.752289 98.038780
0.0689000 1.2086000 0.3643000 0.0065000 0.0085000 28 5 20 55 392.3002930 0.1049000 0.3650000 0.0364000 33.1957016 0.0812000 16.1662006 -71.0 94.698036 88.040459 101.355621
0.0689000 1.2086000 0.3643000 0.0065000 0.0085000 28 5 20 55 392.3002930 0.1049000 0.3650000 0.0364000 33.1957016 0.0812000 16.1662006 -70.0 98.022530 91.354668 104.690147
0.0689000 1.2086000 0.3643000 0.0065000 0.0085000 28 5 20 55 392.3002930 0.1049000 0.3650000 0.0364000 33.1957016 0.0812000 16.1662006 -69.0 101.363274 94.690147 108.036392
0.0689000 1.2086000 0.3643000 0.0065000 0.0085000 28 5 20 55 392.3002930 0.1049000 0.3650000 0.0364000 33.1957016 0.0812000 16.1662006 -68.0 104.715248 98.041168 111.389320
0.0689000 1.2086000 0.3643000 0.0065000 0.0085000 28 5 20 55 392.3002930 0.1049000 0.3650000 0.0364000 33.1957016 0.0812000 16.1662006 -67.0 108.072952 101.402466 114.743683
0.0689000 1.2086000 0.3643000 0.0065000 0.0085000 28 5 20 55 392.3002930 0.1049000 0.3650000 0.0364000 33.1957016 0.0812000 16.1662006 -66.0 111.431381 104.768539 118.094223
0.0689000 1.2086000 0.3643000 0.0065000 0.0085000 28 5 20 55 392.3002930 0.1049000 0.3650000 0.0364000 33.1957016 0.0812000 16.1662006 -65.0 114.785034 108.133423 121.436401
0.0689000 1.2086000 0.3643000 0.0065000 0.0085000 28 5 20 55 392.3002930 0.1049000 0.3650000 0.0364000 33.1957016 0.0812000 16.1662006 -64.0 118.128883 111.492088 124.765671
0.0689000 1.2086000 0.3643000 0.0065000 0.0085000 28 5 20 55 392.3002930 0.1049000 0.3650000 0.0364000 33.1957016 0.0812000 16.1662006 -63.0 121.458153 114.838326 128.077728
0.0689000 1.2086000 0.3643000 0.0065000 0.0085000 28 5 20 55 392.3002930 0.1049000 0.3650000 0.0364000 33.1957016 0.0812000 16.1662006 -62.0 124.767586 118.166641 131.368759
0.0689000 1.2086000 0.3643000 0.0065000 0.0085000 28 5 20 55 392.3002930 0.1049000 0.3650000 0.0364000 33.1957016 0.0812000 16.1662006 -61.0 128.053116 121.471298 134.634705
0.0689000 1.2086000 0.3643000 0.0065000 0.0085000 28 5 20 55 392.3002930 0.1049000 0.3650000 0.0364000 33.1957016 0.0812000 16.1662006 -60.0 131.309494 124.746552 137.872437
0.0689000 1.2086000 0.3643000 0.0065000 0.0085000 28 5 20 55 392.3002930 0.1049000 0.3650000 0.0364000 33.1957016 0.0812000 16.1662006 -59.0 134.532883 127.987152 141.078857
0.0689000 1.2086000 0.3643000 0.0065000 0.0085000 28 5 20 55 392.3002930 0.1049000 0.3650000 0.0364000 33.1957016 0.0812000 16.1662006 -58.0 137.719238 131.187607 144.250870
0.0689000 1.2086000 0.3643000 0.0065000 0.0085000 28 5 20 55 392.3002930 0.1049000 0.3650000 0.0364000 33.1957016 0.0812000 16.1662006 -57.0 140.864227 134.342636 147.385834
0.0689000 1.2086000 0.3643000 0.0065000 0.0085000 28 5 20 55 392.3002930 0.1049000 0.3650000 0.0364000 33.1957016 0.0812000 16.1662006 -56.0 143.964310 137.447250 150.481110
0.0689000 1.2086000 0.3643000 0.0065000 0.0085000 28 5 20 55 392.3002930 0.1049000 0.3650000 0.0364000 33.1957016 0.0812000 16.1662006 -55.0 147.015854 140.497375 153.534348
0.0689000 1.2086000 0.3643000 0.0065000 0.0085000 28 5 20 55 392.3002930 0.1049000 0.3650000 0.0364000 33.1957016 0.0812000 16.1662006 -54.0 150.016022 143.488449 156.543594
0.0689000 1.2086000 0.3643000 0.0065000 0.0085000 28 5 20 55 392.3002930 0.1049000 0.3650000 0.0364000 33.1957016 0.0812000 16.1662006 -53.0 152.961212 146.416443 159.506226
0.0689000 1.2086000 0.3643000 0.0065000 0.0085000 28 5 20 55 392.3002930 0.1049000 0.3650000 0.0364000 33.1957016 0.0812000 16.1662006 -52.0 155.849304 149.277985 162.420609
0.0689000 1.2086000 0.3643000 0.0065000 0.0085000 28 5 20 55 392.3002930 0.1049000 0.3650000 0.0364000 33.1957016 0.0812000 16.1662006 -51.0 158.677383 152.070465 165.284302
0.0689000 1.2086000 0.3643000 0.0065000 0.0085000 28 5 20 55 392.3002930 0.1049000 0.3650000 0.0364000 33.1957016 0.0812000 16.1662006 -50.0 161.443085 154.790527 168.095657
0.0689000 1.2086000 0.3643000 0.0065000 0.0085000 28 5 20 55 392.3002930 0.1049000 0.3650000 0.0364000 33.1957016 0.0812000 16.1662006 -49.0 164.144501 157.436737 170.852524
0.0689000 1.2086000 0.3643000 0.0065000 0.0085000 28 5 20 55 392.3002930 0.1049000 0.3650000 0.0364000 33.1957016 0.0812000 16.1662006 -48.0 166.779953 160.006943 173.552979
0.0689000 1.2086000 0.3643000 0.0065000 0.0085000 28 5 20 55 392.3002930 0.1049000 0.3650000 0.0364000 33.1957016 0.0812000 16.1662006 -47.0 169.347534 162.500183 176.195129
0.0689000 1.2086000 0.3643000 0.0065000 0.0085000 28 5 20 55 392.3002930 0.1049000 0.3650000 0.0364000 33.1957016 0.0812000 16.1662006 -46.0 171.846283 164.915283 178.777527
0.0689000 1.2086000 0.3643000 0.0065000 0.0085000 28 5 20 55 392.3002930 0.1049000 0.3650000 0.0364000 33.1957016 0.0812000 16.1662006 -45.0 174.274994 167.251740 181.298019
0.0689000 1.2086000 0.3643000 0.0065000 0.0085000 28 5 20 55 392.3002930 0.1049000 0.3650000 0.0364000 33.1957016 0.0812000 16.1662006 -44.0 176.632492 169.509583 183.755173
0.0689000 1.2086000 0.3643000 0.0065000 0.0085000 28 5 20 55 392.3002930 0.1049000 0.3650000 0.0364000 33.1957016 0.0812000 16.1662006 -43.0 178.918289 171.689026 186.147568
0.0689000 1.2086000 0.3643000 0.0065000 0.0085000 28 5 20 55 392.3002930 0.1049000 0.3650000 0.0364000 33.1957016 0.0812000 16.1662006 -42.0 181.131912 173.790070 188.473755
0.0689000 1.2086000 0.3643000 0.0065000 0.0085000 28 5 20 55 392.3002930 0.1049000 0.3650000 0.0364000 33.1957016 0.0812000 16.1662006 -41.0 183.272873 175.813446 190.732300
0.0689000 1.2086000 0.3643000 0.0065000 0.0085000 28 5 20 55 392.3002930 0.1049000 0.3650000 0.0364000 33.1957016 0.0812000 16.1662006 -40.0 185.341415 177.760330 192.922256
0.0689000 1.2086000 0.3643000 0.0065000 0.0085000 28 5 20 55 392.3002930 0.1049000 0.3650000 0.0364000 33.1957016 0.0812000 16.1662006 -39.0 187.337067 179.631699 195.042664
0.0689000 1.2086000 0.3643000 0.0065000 0.0085000 28 5 20 55 392.3002930 0.1049000 0.3650000 0.0364000 33.1957016 0.0812000 16.1662006 -38.0 189.260544 181.428268 197.092560
0.0689000 1.2086000 0.3643000 0.0065000 0.0085000 28 5 20 55 392.3002930 0.1049000 0.3650000 0.0364000 33.1957016 0.0812000 16.1662006 -37.0 191.111832 183.151932 199.071732
0.0689000 1.2086000 0.3643000 0.0065000 0.0085000 28 5 20 55 392.3002930 0.1049000 0.3650000 0.0364000 33.1957016 0.0812000 16.1662006 -36.0 192.891434 184.803665 200.979187
0.0689000 1.2086000 0.3643000 0.0065000 0.0085000 28 5 20 55 392.3002930 0.1049000 0.3650000 0.0364000 33.1957016 0.0812000 16.1662006 -35.0 194.600281 186.385376 202.815186
0.0689000 1.2086000 0.3643000 0.0065000 0.0085000 28 5 20 55 392.3002930 0.1049000 0.3650000 0.0364000 33.1957016 0.0812000 16.1662006 -34.0 196.238861 187.898712 204.578995
0.0689000 1.2086000 0.3643000 0.0065000 0.0085000 28 5 20 55 392.3002930 0.1049000 0.3650000 0.0364000 33.1957016 0.0812000 16.1662006 -33.0 197.808136 189.345139 206.271133
0.0689000 1.2086000 0.3643000 0.0065000 0.0085000 28 5 20 55 392.3002930 0.1049000 0.3650000 0.0364000 33.1957016 0.0812000 16.1662006 -32.0 199.308823 190.726562 207.891296
0.0689000 1.2086000 0.3643000 0.0065000 0.0085000 28 5 20 55 392.3002930 0.1049000 0.3650000 0.0364000 33.1957016 0.0812000 16.1662006 -31.0 200.742096 192.044647 209.439789
0.0689000 1.2086000 0.3643000 0.0065000 0.0085000 28 5 20 55 392.3002930 0.1049000 0.3650000 0.0364000 33.1957016 0.0812000 16.1662006 -30.0 202.109421 193.301315 210.917526
0.0689000 1.2086000 0.3643000 0.0065000 0.0085000 28 5 20 55 392.3002930 0.1049000 0.3650000 0.0364000 33.1957016 0.0812000 16.1662006 -29.0 203.411484 194.498703 212.324280
0.0689000 1.2086000 0.3643000 0.0065000 0.0085000 28 5 20 55 392.3002930 0.1049000 0.3650000 0.0364000 33.1957016 0.0812000 16.1662006 -28.0 204.649750 195.638260 213.661240
0.0689000 1.2086000 0.3643000 0.0065000 0.0085000 28 5 20 55 392.3002930 0.1049000 0.3650000 0.0364000 33.1957016 0.0812000 16.1662006 -27.0 205.825623 196.722366 214.929138
0.0689000 1.2086000 0.3643000 0.0065000 0.0085000 28 5 20 55 392.3002930 0.1049000 0.3650000 0.0364000 33.1957016 0.0812000 16.1662006 -26.0 206.940323 197.752213 216.128448
0.0689000 1.2086000 0.3643000 0.0065000 0.0085000 28 5 20 55 392.3002930 0.1049000 0.3650000 0.0364000 33.1957016 0.0812000 16.1662006 -25.0 207.995270 198.730194 217.260345
0.0689000 1.2086000 0.3643000 0.0065000 0.0085000 28 5 20 55 392.3002930 0.1049000 0.3650000 0.0364000 33.1957016 0.0812000 16.1662006 -24.0 208.992142 199.658005 218.326050
0.0689000 1.2086000 0.3643000 0.0065000 0.0085000 28 5 20 55 392.3002930 0.1049000 0.3650000 0.0364000 33.1957016 0.0812000 16.1662006 -23.0 209.932129 200.537521 219.326736
0.0689000 1.2086000 0.3643000 0.0065000 0.0085000 28 5 20 55 392.3002930 0.1049000 0.3650000 0.0364000 33.1957016 0.0812000 16.1662006 -22.0 210.816666 201.370193 220.263382
0.0689000 1.2086000 0.3643000 0.0065000 0.0085000 28 5 20 55 392.3002930 0.1049000 0.3650000 0.0364000 33.1957016 0.0812000 16.1662006 -21.0 211.647675 202.157700 221.137878
0.0689000 1.2086000 0.3643000 0.0065000 0.0085000 28 5 20 55 392.3002930 0.1049000 0.3650000 0.0364000 33.1957016 0.0812000 16.1662006 -20.0 212.426575 202.901703 221.951431
0.0689000 1.2086000 0.3643000 0.0065000 0.0085000 28 5 20 55 392.3002930 0.1049000 0.3650000 0.0364000 33.1957016 0.0812000 16.1662006 -19.0 213.154800 203.603882 222.705963
0.0689000 1.2086000 0.3643000 0.0065000 0.0085000 28 5 20 55 392.3002930 0.1049000 0.3650000 0.0364000 33.1957016 0.0812000 16.1662006 -18.0 213.834045 204.265442 223.402878
0.0689000 1.2086000 0.3643000 0.0065000 0.0085000 28 5 20 55 392.3002930 0.1049000 0.3650000 0.0364000 33.1957016 0.0812000 16.1662006 -17.0 214.465958 204.887802 224.044128
0.0689000 1.2086000 0.3643000 0.0065000 0.0085000 28 5 20 55 392.3002930 0.1049000 0.3650000 0.0364000 33.1957016 0.0812000 16.1662006 -16.0 215.051987 205.472382 224.631577
0.0689000 1.2086000 0.3643000 0.0065000 0.0085000 28 5 20 55 392.3002930 0.1049000 0.3650000 0.0364000 33.1957016 0.0812000 16.1662006 -15.0 215.594040 206.020172 225.167664
0.0689000 1.2086000 0.3643000 0.0065000 0.0085000 28 5 20 55 392.3002930 0.1049000 0.3650000 0.0364000 33.1957016 0.0812000 16.1662006 -14.0 216.093307 206.532593 225.654022
0.0689000 1.2086000 0.3643000 0.0065000 0.0085000 28 5 20 55 392.3002930 0.1049000 0.3650000 0.0364000 33.1957016 0.0812000 16.1662006 -13.0 216.551941 207.010590 226.093307
0.0689000 1.2086000 0.3643000 0.0065000 0.0085000 28 5 20 55 392.3002930 0.1049000 0.3650000 0.0364000 33.1957016 0.0812000 16.1662006 -12.0 216.971161 207.454895 226.487427
0.0689000 1.2086000 0.3643000 0.0065000 0.0085000 28 5 20 55 392.3002930 0.1049000 0.3650000 0.0364000 33.1957016 0.0812000 16.1662006 -11.0 217.352600 207.866455 226.838989
0.0689000 1.2086000 0.3643000 0.0065000 0.0085000 28 5 20 55 392.3002930 0.1049000 0.3650000 0.0364000 33.1957016 0.0812000 16.1662006 -10.0 217.698196 208.246231 227.150162
0.0689000 1.2086000 0.3643000 0.0065000 0.0085000 28 5 20 55 392.3002930 0.1049000 0.3650000 0.0364000 33.1957016 0.0812000 16.1662006 -9.0 218.009369 208.594925 227.423828
0.0689000 1.2086000 0.3643000 0.0065000 0.0085000 28 5 20 55 392.3002930 0.1049000 0.3650000 0.0364000 33.1957016 0.0812000 16.1662006 -8.0 218.287811 208.913025 227.662338
0.0689000 1.2086000 0.3643000 0.0065000 0.0085000 28 5 20 55 392.3002930 0.1049000 0.3650000 0.0364000 33.1957016 0.0812000 16.1662006 -7.0 218.534927 209.201736 227.868362
0.0689000 1.2086000 0.3643000 0.0065000 0.0085000 28 5 20 55 392.3002930 0.1049000 0.3650000 0.0364000 33.1957016 0.0812000 16.1662006 -6.0 218.752655 209.461060 228.044022
0.0689000 1.2086000 0.3643000 0.0065000 0.0085000 28 5 20 55 392.3002930 0.1049000 0.3650000 0.0364000 33.1957016 0.0812000 16.1662006 -5.0 218.942429 209.692169 228.192444
0.0689000 1.2086000 0.3643000 0.0065000 0.0085000 28 5 20 55 392.3002930 0.1049000 0.3650000 0.0364000 33.1957016 0.0812000 16.1662006 -4.0 219.105667 209.895325 228.316010
0.0689000 1.2086000 0.3643000 0.0065000 0.0085000 28 5 20 55 392.3002930 0.1049000 0.3650000 0.0364000 33.1957016 0.0812000 16.1662006 -3.0 219.244049 210.071228 228.416855
0.0689000 1.2086000 0.3643000 0.0065000 0.0085000 28 5 20 55 392.3002930 0.1049000 0.3650000 0.0364000 33.1957016 0.0812000 16.1662006 -2.0 219.359253 210.220596 228.497879
0.0689000 1.2086000 0.3643000 0.0065000 0.0085000 28 5 20 55 392.3002930 0.1049000 0.3650000 0.0364000 33.1957016 0.0812000 16.1662006 -1.0 219.452682 210.344162 228.561218
0.0689000 1.2086000 0.3643000 0.0065000 0.0085000 28 5 20 55 392.3002930 0.1049000 0.3650000 0.0364000 33.1957016 0.0812000 16.1662006 0.0 219.525589 210.442154 228.609268
0.0689000 1.2086000 0.3643000 0.0065000 0.0085000 28 5 20 55 392.3002930 0.1049000 0.3650000 0.0364000 33.1957016 0.0812000 16.1662006 1.0 219.579834 210.515533 228.643921
0.0689000 1.2086000 0.3643000 0.0065000 0.0085000 28 5 20 55 392.3002930 0.1049000 0.3650000 0.0364000 33.1957016 0.0812000 16.1662006 2.0 219.616409 210.565231 228.667572
0.0689000 1.2086000 0.3643000 0.0065000 0.0085000 28 5 20 55 392.3002930 0.1049000 0.3650000 0.0364000 33.1957016 0.0812000 16.1662006 3.0 219.636963 210.592010 228.681915
0.0689000 1.2086000 0.3643000 0.0065000 0.0085000 28 5 20 55 392.3002930 0.1049000 0.3650000 0.0364000 33.1957016 0.0812000 16.1662006 4.0 219.642944 210.596786 228.689087
0.0689000 1.2086000 0.3643000 0.0065000 0.0085000 28 5 20 55 392.3002930 0.1049000 0.3650000 0.0364000 33.1957016 0.0812000 16.1662006 5.0 219.635284 210.580536 228.690277
0.0689000 1.2086000 0.3643000 0.0065000 0.0085000 28 5 20 55 392.3002930 0.1049000 0.3650000 0.0364000 33.1957016 0.0812000 16.1662006 6.0 219.615692 210.544205 228.686935
0.0689000 1.2086000 0.3643000 0.0065000 0.0085000 28 5 20 55 392.3002930 0.1049000 0.3650000 0.0364000 33.1957016 0.0812000 16.1662006 7.0 219.584854 210.488998 228.680954
0.0689000 1.2086000 0.3643000 0.0065000 0.0085000 28 5 20 55 392.3002930 0.1049000 0.3650000 0.0364000 33.1957016 0.0812000 16.1662006 8.0 219.544464 210.415863 228.672836
0.0689000 1.2086000 0.3643000 0.0065000 0.0085000 28 5 20 55 392.3002930 0.1049000 0.3650000 0.0364000 33.1957016 0.0812000 16.1662006 9.0 219.495239 210.326233 228.663986
0.0689000 1.2086000 0.3643000 0.0065000 0.0085000 28 5 20 55 392.3002930 0.1049000 0.3650000 0.0364000 33.1957016 0.0812000 16.1662006 10.0 219.438354 210.221313 228.655396
0.0689000 1.2086000 0.3643000 0.0065000 0.0085000 28 5 20 55 392.3002930 0.1049000 0.3650000 0.0364000 33.1957016 0.0812000 16.1662006 11.0 219.375015 210.102295 228.647491
0.0689000 1.2086000 0.3643000 0.0065000 0.0085000 28 5 20 55 392.3002930 0.1049000 0.3650000 0.0364000 33.1957016 0.0812000 16.1662006 12.0 219.305939 209.970612 228.641052
0.0689000 1.2086000 0.3643000 0.0065000 0.0085000 28 5 20 55 392.3002930 0.1049000 0.3650000 0.0364000 33.1957016 0.0812000 16.1662006 13.0 219.232101 209.827454 228.636749
0.0689000 1.2086000 0.3643000 0.0065000 0.0085000 28 5 20 55 392.3002930 0.1049000 0.3650000 0.0364000 33.1957016 0.0812000 16.1662006 14.0 219.154419 209.674011 228.635071
0.0689000 1.2086000 0.3643000 0.0065000 0.0085000 28 5 20 55 392.3002930 0.1049000 0.3650000 0.0364000 33.1957016 0.0812000 16.1662006 15.0 219.073883 209.511719 228.636261
0.0689000 1.2086000 0.3643000 0.0065000 0.0085000 28 5 20 55 392.3002930 0.1049000 0.3650000 0.0364000 33.1957016 0.0812000 16.1662006 16.0 218.990936 209.341568 228.640335
0.0689000 1.2086000 0.3643000 0.0065000 0.0085000 28 5 20 55 392.3002930 0.1049000 0.3650000 0.0364000 33.1957016 0.0812000 16.1662006 17.0 218.906570 209.164932 228.647980
0.0689000 1.2086000 0.3643000 0.0065000 0.0085000 28 5 20 55 392.3002930 0.1049000 0.3650000 0.0364000 33.1957016 0.0812000 16.1662006 18.0 218.821014 208.982819 228.659210
0.0689000 1.2086000 0.3643000 0.0065000 0.0085000 28 5 20 55 392.3002930 0.1049000 0.3650000 0.0364000 33.1957016 0.0812000 16.1662006 19.0 218.735214 208.796402 228.674026
0.0689000 1.2086000 0.3643000 0.0065000 0.0085000 28 5 20 55 392.3002930 0.1049000 0.3650000 0.0364000 33.1957016 0.0812000 16.1662006 20.0 218.649643 208.606628 228.692917
0.0689000 1.2086000 0.3643000 0.0065000 0.0085000 28 5 20 55 392.3002930 0.1049000 0.3650000 0.0364000 33.1957016 0.0812000 16.1662006 21.0 218.565048 208.414474 228.715607
0.0689000 1.2086000 0.3643000 0.0065000 0.0085000 28 5 20 55 392.3002930 0.1049000 0.3650000 0.0364000 33.1957016 0.0812000 16.1662006 22.0 218.481400 208.220886 228.742142
0.0689000 1.2086000 0.3643000 0.0065000 0.0085000 28 5 20 55 392.3002930 0.1049000 0.3650000 0.0364000 33.1957016 0.0812000 16.1662006 23.0 218.399658 208.026581 228.772736
0.0689000 1.2086000 0.3643000 0.0065000 0.0085000 28 5 20 55 392.3002930 0.1049000 0.3650000 0.0364000 33.1957016 0.0812000 16.1662006 24.0 218.319595 207.832031 228.807388
0.0689000 1.2086000 0.3643000 0.0065000 0.0085000 28 5 20 55 392.3002930 0.1049000 0.3650000 0.0364000 33.1957016 0.0812000 16.1662006 25.0 218.242157 207.638199 228.845871
0.0689000 1.2086000 0.3643000 0.0065000 0.0085000 28 5 20 55 392.3002930 0.1049000 0.3650000 0.0364000 33.1957016 0.0812000 16.1662006 26.0 218.167114 207.445816 228.888657
0.0689000 1.2086000 0.3643000 0.0065000 0.0085000 28 5 20 55 392.3002930 0.1049000 0.3650000 0.0364000 33.1957016 0.0812000 16.1662006 27.0 218.095169 207.254852 228.935501
0.0689000 1.2086000 0.3643000 0.0065000 0.0085000 28 5 20 55 392.3002930 0.1049000 0.3650000 0.0364000 33.1957016 0.0812000 16.1662006 28.0 218.026337 207.066269 228.986404
0.0689000 1.2086000 0.3643000 0.0065000 0.0085000 28 5 20 55 392.3002930 0.1049000 0.3650000 0.0364000 33.1957016 0.0812000 16.1662006 29.0 217.960617 206.879852 229.041367
0.0689000 1.2086000 0.3643000 0.0065000 0.0085000 28 5 20 55 392.3002930 0.1049000 0.3650000 0.0364000 33.1957016 0.0812000 16.1662006 30.0 217.898483 206.696304 229.100403
0.0689000 1.2086000 0.3643000 0.0065000 0.0085000 28 5 20 55 392.3002930 0.1049000 0.3650000 0.0364000 33.1957016 0.0812000 16.1662006 31.0 217.839691 206.515625 229.163742
0.0689000 1.2086000 0.3643000 0.0065000 0.0085000 28 5 20 55 392.3002930 0.1049000 0.3650000 0.0364000 33.1957016 0.0812000 16.1662006 32.0 217.784714 206.338043 229.231140
0.0689000 1.2086000 0.3643000 0.0065000 0.0085000 28 5 20 55 392.3002930 0.1049000 0.3650000 0.0364000 33.1957016 0.0812000 16.1662006 33.0 217.733078 206.163818 229.302597
0.0689000 1.2086000 0.3643000 0.0065000 0.0085000 28 5 20 55 392.3002930 0.1049000 0.3650000 0.0364000 33.1957016 0.0812000 16.1662006 34.0 217.685532 205.992691 229.378357
0.0689000 1.2086000 0.3643000 0.0065000 0.0085000 28 5 20 55 392.3002930 0.1049000 0.3650000 0.0364000 33.1957016 0.0812000 16.1662006 35.0 217.641556 205.824677 229.458191
0.0689000 1.2086000 0.3643000 0.0065000 0.0085000 28 5 20 55 392.3002930 0.1049000 0.3650000 0.0364000 33.1957016 0.0812000 16.1662006 36.0 217.601151 205.660004 229.542313
0.0689000 1.2086000 0.3643000 0.0065000 0.0085000 28 5 20 55 392.3002930 0.1049000 0.3650000 0.0364000 33.1957016 0.0812000 16.1662006 37.0 217.564362 205.497955 229.630737
0.0689000 1.2086000 0.3643000 0.0065000 0.0085000 28 5 20 55 392.3002930 0.1049000 0.3650000 0.0364000 33.1957016 0.0812000 16.1662006 38.0 217.531128 205.338791 229.723480
0.0689000 1.2086000 0.3643000 0.0065000 0.0085000 28 5 20 55 392.3002930 0.1049000 0.3650000 0.0364000 33.1957016 0.0812000 16.1662006 39.0 217.501495 205.182236 229.820511
0.0689000 1.2086000 0.3643000 0.0065000 0.0085000 28 5 20 55 392.3002930 0.1049000 0.3650000 0.0364000 33.1957016 0.0812000 16.1662006 40.0 217.474960 205.027847 229.922089
