C(%) Mn(%) Si(%) S(%) P(%) Ti(ppm) B(ppm) Al(ppm) N(ppm) O(ppm) Cr(%) Ni(%) Mo(%) V(ppm) Cu(%) Nb(ppm) Temp(Curve) Predicted Pred-err Pred+err
0.0689000 1.2086000 0.3643000 0.0065000 0.0085000 28 24.4503994 46.3552017 91.7948990 392.3002930 0.1049000 0.3650000 0.0364000 33.1957016 0.0812000 3.0 -40.0000000 152.632355 143.376602 161.888107
0.0689000 1.2086000 0.3643000 0.0065000 0.0085000 28 24.4503994 46.3552017 91.7948990 392.3002930 0.1049000 0.3650000 0.0364000 33.1957016 0.0812000 53.0 -40.0000000 148.064819 140.103973 156.025909
0.0689000 1.2086000 0.3643000 0.0065000 0.0085000 28 24.4503994 46.3552017 91.7948990 392.3002930 0.1049000 0.3650000 0.0364000 33.1957016 0.0812000 103.0 -40.0000000 142.684219 133.576889 151.791794
0.0689000 1.2086000 0.3643000 0.0065000 0.0085000 28 24.4503994 46.3552017 91.7948990 392.3002930 0.1049000 0.3650000 0.0364000 33.1957016 0.0812000 153.0 -40.0000000 136.543594 125.300797 147.786148
0.0689000 1.2086000 0.3643000 0.0065000 0.0085000 28 24.4503994 46.3552017 91.7948990 392.3002930 0.1049000 0.3650000 0.0364000 33.1957016 0.0812000 203.0 -40.0000000 129.716080 116.301247 143.130905
0.0689000 1.2086000 0.3643000 0.0065000 0.0085000 28 24.4503994 46.3552017 91.7948990 392.3002930 0.1049000 0.3650000 0.0364000 33.1957016 0.0812000 253.0 -40.0000000 122.320221 106.911652 137.729034
0.0689000 1.2086000 0.3643000 0.0065000 0.0085000 28 24.4503994 46.3552017 91.7948990 392.3002930 0.1049000 0.3650000 0.0364000 33.1957016 0.0812000 303.0 -40.0000000 114.530495 97.224030 131.836731
0.0689000 1.2086000 0.3643000 0.0065000 0.0085000 28 24.4503994 46.3552017 91.7948990 392.3002930 0.1049000 0.3650000 0.0364000 33.1957016 0.0812000 353.0 -40.0000000 106.556740 87.330147 125.783569
0.0689000 1.2086000 0.3643000 0.0065000 0.0085000 28 24.4503994 46.3552017 91.7948990 392.3002930 0.1049000 0.3650000 0.0364000 33.1957016 0.0812000 403.0 -40.0000000 98.612617 77.385353 119.839882
0.0689000 1.2086000 0.3643000 0.0065000 0.0085000 28 24.4503994 46.3552017 91.7948990 392.3002930 0.1049000 0.3650000 0.0364000 33.1957016 0.0812000 453.0 -40.0000000 90.891006 67.564606 114.217407
0.0689000 1.2086000 0.3643000 0.0065000 0.0085000 28 24.4503994 46.3552017 91.7948990 392.3002930 0.1049000 0.3650000 0.0364000 33.1957016 0.0812000 503.0 -40.0000000 83.561836 58.007477 109.116188
0.0689000 1.2086000 0.3643000 0.0065000 0.0085000 28 24.4503994 46.3552017 91.7948990 392.3002930 0.1049000 0.3650000 0.0364000 33.1957016 0.0812000 553.0 -40.0000000 76.770882 48.799519 104.742012
0.0689000 1.2086000 0.3643000 0.0065000 0.0085000 28 24.4503994 46.3552017 91.7948990 392.3002930 0.1049000 0.3650000 0.0364000 33.1957016 0.0812000 603.0 -40.0000000 70.632172 39.990219 101.274124
0.0689000 1.2086000 0.3643000 0.0065000 0.0085000 28 24.4503994 46.3552017 91.7948990 392.3002930 0.1049000 0.3650000 0.0364000 33.1957016 0.0812000 653.0 -40.0000000 65.219780 31.631672 98.808121
0.0689000 1.2086000 0.3643000 0.0065000 0.0085000 28 24.4503994 46.3552017 91.7948990 392.3002930 0.1049000 0.3650000 0.0364000 33.1957016 0.0812000 703.0 -40.0000000 60.564774 23.807531 97.322021
0.0689000 1.2086000 0.3643000 0.0065000 0.0085000 28 24.4503994 46.3552017 91.7948990 392.3002930 0.1049000 0.3650000 0.0364000 33.1957016 0.0812000 753.0 -40.0000000 56.658562 16.624624 96.692253
0.0689000 1.2086000 0.3643000 0.0065000 0.0085000 28 24.4503994 46.3552017 91.7948990 392.3002930 0.1049000 0.3650000 0.0364000 33.1957016 0.0812000 803.0 -40.0000000 53.460735 10.184294 96.736946
0.0689000 1.2086000 0.3643000 0.0065000 0.0085000 28 24.4503994 46.3552017 91.7948990 392.3002930 0.1049000 0.3650000 0.0364000 33.1957016 0.0812000 853.0 -40.0000000 50.907742 4.554169 97.261070
0.0689000 1.2086000 0.3643000 0.0065000 0.0085000 28 24.4503994 46.3552017 91.7948990 392.3002930 0.1049000 0.3650000 0.0364000 33.1957016 0.0812000 903.0 -40.0000000 48.921890 -0.240656 98.084427
0.0689000 1.2086000 0.3643000 0.0065000 0.0085000 28 24.4503994 46.3552017 91.7948990 392.3002930 0.1049000 0.3650000 0.0364000 33.1957016 0.0812000 953.0 -40.0000000 47.419292 -4.215694 99.054054
0.0689000 1.2086000 0.3643000 0.0065000 0.0085000 28 24.4503994 46.3552017 91.7948990 392.3002930 0.1049000 0.3650000 0.0364000 33.1957016 0.0812000 960.0000000 -40.0000000 47.242680 -4.708988 99.194107
