C(%) Mn(%) Si(%) S(%) P(%) Ti(ppm) B(ppm) Al(ppm) N(ppm) O(ppm) Cr(%) Ni(%) Mo(%) V(ppm) Cu(%) Nb(ppm) Temp(Curve) Predicted Pred-err Pred+err
0.0689000 0.66 0.3643000 0.0065000 0.0085000 250 24.4503994 46.3552017 91.7948990 392.3002930 0.1049000 0.3650000 0.0364000 33.1957016 0.0812000 16.1662006 -120.0 1.701228 -19.245691 22.648140
0.0689000 0.66 0.3643000 0.0065000 0.0085000 250 24.4503994 46.3552017 91.7948990 392.3002930 0.1049000 0.3650000 0.0364000 33.1957016 0.0812000 16.1662006 -115.0 0.425450 -20.351542 21.202435
0.0689000 0.66 0.3643000 0.0065000 0.0085000 250 24.4503994 46.3552017 91.7948990 392.3002930 0.1049000 0.3650000 0.0364000 33.1957016 0.0812000 16.1662006 -110.0 -0.865393 -21.452377 19.721584
0.0689000 0.66 0.3643000 0.0065000 0.0085000 250 24.4503994 46.3552017 91.7948990 392.3002930 0.1049000 0.3650000 0.0364000 33.1957016 0.0812000 16.1662006 -105.0 -2.013794 -22.308718 18.281136
0.0689000 0.66 0.3643000 0.0065000 0.0085000 250 24.4503994 46.3552017 91.7948990 392.3002930 0.1049000 0.3650000 0.0364000 33.1957016 0.0812000 16.1662006 -100.0 -2.779547 -22.636379 17.077290
0.0689000 0.66 0.3643000 0.0065000 0.0085000 250 24.4503994 46.3552017 91.7948990 392.3002930 0.1049000 0.3650000 0.0364000 33.1957016 0.0812000 16.1662006 -95.0 -2.849336 -22.140463 16.441549
0.0689000 0.66 0.3643000 0.0065000 0.0085000 250 24.4503994 46.3552017 91.7948990 392.3002930 0.1049000 0.3650000 0.0364000 33.1957016 0.0812000 16.1662006 -90.0 -1.863932 -20.578829 16.850958
0.0689000 0.66 0.3643000 0.0065000 0.0085000 250 24.4503994 46.3552017 91.7948990 392.3002930 0.1049000 0.3650000 0.0364000 33.1957016 0.0812000 16.1662006 -85.0 0.547819 -17.804998 18.900858
0.0689000 0.66 0.3643000 0.0065000 0.0085000 250 24.4503994 46.3552017 91.7948990 392.3002930 0.1049000 0.3650000 0.0364000 33.1957016 0.0812000 16.1662006 -80.0 4.728641 -13.725513 23.183023
0.0689000 0.66 0.3643000 0.0065000 0.0085000 250 24.4503994 46.3552017 91.7948990 392.3002930 0.1049000 0.3650000 0.0364000 33.1957016 0.0812000 16.1662006 -75.0 10.952918 -8.175205 30.081041
0.0689000 0.66 0.3643000 0.0065000 0.0085000 250 24.4503994 46.3552017 91.7948990 392.3002930 0.1049000 0.3650000 0.0364000 33.1957016 0.0812000 16.1662006 -70.0 19.381729 -0.866589 39.630047
0.0689000 0.66 0.3643000 0.0065000 0.0085000 250 24.4503994 46.3552017 91.7948990 392.3002930 0.1049000 0.3650000 0.0364000 33.1957016 0.0812000 16.1662006 -65.0 30.023205 8.484762 51.561646
0.0689000 0.66 0.3643000 0.0065000 0.0085000 250 24.4503994 46.3552017 91.7948990 392.3002930 0.1049000 0.3650000 0.0364000 33.1957016 0.0812000 16.1662006 -60.0 42.707172 19.984962 65.429382
0.0689000 0.66 0.3643000 0.0065000 0.0085000 250 24.4503994 46.3552017 91.7948990 392.3002930 0.1049000 0.3650000 0.0364000 33.1957016 0.0812000 16.1662006 -55.0 57.093063 33.487270 80.698853
0.0689000 0.66 0.3643000 0.0065000 0.0085000 250 24.4503994 46.3552017 91.7948990 392.3002930 0.1049000 0.3650000 0.0364000 33.1957016 0.0812000 16.1662006 -50.0 72.703110 48.620033 96.785942
0.0689000 0.66 0.3643000 0.0065000 0.0085000 250 24.4503994 46.3552017 91.7948990 392.3002930 0.1049000 0.3650000 0.0364000 33.1957016 0.0812000 16.1662006 -45.0 88.979248 64.859840 113.098648
0.0689000 0.66 0.3643000 0.0065000 0.0085000 250 24.4503994 46.3552017 91.7948990 392.3002930 0.1049000 0.3650000 0.0364000 33.1957016 0.0812000 16.1662006 -40.0 105.346443 81.604187 129.088699
0.0689000 0.66 0.3643000 0.0065000 0.0085000 250 24.4503994 46.3552017 91.7948990 392.3002930 0.1049000 0.3650000 0.0364000 33.1957016 0.0812000 16.1662006 -35.0 121.268143 98.234756 144.301773
0.0689000 0.66 0.3643000 0.0065000 0.0085000 250 24.4503994 46.3552017 91.7948990 392.3002930 0.1049000 0.3650000 0.0364000 33.1957016 0.0812000 16.1662006 -30.0 136.289536 114.171043 158.408035
0.0689000 0.66 0.3643000 0.0065000 0.0085000 250 24.4503994 46.3552017 91.7948990 392.3002930 0.1049000 0.3650000 0.0364000 33.1957016 0.0812000 16.1662006 -25.0 150.056412 128.909927 171.202896
0.0689000 0.66 0.3643000 0.0065000 0.0085000 250 24.4503994 46.3552017 91.7948990 392.3002930 0.1049000 0.3650000 0.0364000 33.1957016 0.0812000 16.1662006 -20.0 162.322617 142.065216 182.580246
0.0689000 0.66 0.3643000 0.0065000 0.0085000 250 24.4503994 46.3552017 91.7948990 392.3002930 0.1049000 0.3650000 0.0364000 33.1957016 0.0812000 16.1662006 -15.0 172.944962 153.394287 192.495636
0.0689000 0.66 0.3643000 0.0065000 0.0085000 250 24.4503994 46.3552017 91.7948990 392.3002930 0.1049000 0.3650000 0.0364000 33.1957016 0.0812000 16.1662006 -10.0 181.873520 162.809692 200.937363
0.0689000 0.66 0.3643000 0.0065000 0.0085000 250 24.4503994 46.3552017 91.7948990 392.3002930 0.1049000 0.3650000 0.0364000 33.1957016 0.0812000 16.1662006 -5.0 189.140320 170.359222 207.921417
0.0689000 0.66 0.3643000 0.0065000 0.0085000 250 24.4503994 46.3552017 91.7948990 392.3002930 0.1049000 0.3650000 0.0364000 33.1957016 0.0812000 16.1662006 0.0 194.844299 176.183899 213.504700
0.0689000 0.66 0.3643000 0.0065000 0.0085000 250 24.4503994 46.3552017 91.7948990 392.3002930 0.1049000 0.3650000 0.0364000 33.1957016 0.0812000 16.1662006 5.0 199.134354 180.471558 217.797134
0.0689000 0.66 0.3643000 0.0065000 0.0085000 250 24.4503994 46.3552017 91.7948990 392.3002930 0.1049000 0.3650000 0.0364000 33.1957016 0.0812000 16.1662006 10.0 202.190201 183.421295 220.959106
0.0689000 0.66 0.3643000 0.0065000 0.0085000 250 24.4503994 46.3552017 91.7948990 392.3002930 0.1049000 0.3650000 0.0364000 33.1957016 0.0812000 16.1662006 15.0 204.205444 185.223587 223.187546
0.0689000 0.66 0.3643000 0.0065000 0.0085000 250 24.4503994 46.3552017 91.7948990 392.3002930 0.1049000 0.3650000 0.0364000 33.1957016 0.0812000 16.1662006 20.0 205.372253 186.052444 224.691803
0.0689000 0.66 0.3643000 0.0065000 0.0085000 250 24.4503994 46.3552017 91.7948990 392.3002930 0.1049000 0.3650000 0.0364000 33.1957016 0.0812000 16.1662006 25.0 205.870316 186.067261 225.673141
0.0689000 0.66 0.3643000 0.0065000 0.0085000 250 24.4503994 46.3552017 91.7948990 392.3002930 0.1049000 0.3650000 0.0364000 33.1957016 0.0812000 16.1662006 30.0 205.860992 185.414078 226.308167
0.0689000 0.66 0.3643000 0.0065000 0.0085000 250 24.4503994 46.3552017 91.7948990 392.3002930 0.1049000 0.3650000 0.0364000 33.1957016 0.0812000 16.1662006 35.0 205.484344 184.229828 226.738602
0.0689000 0.66 0.3643000 0.0065000 0.0085000 250 24.4503994 46.3552017 91.7948990 392.3002930 0.1049000 0.3650000 0.0364000 33.1957016 0.0812000 16.1662006 40.0 204.856964 182.641907 227.071777
