C(%) Mn(%) Si(%) S(%) P(%) Ti(ppm) B(ppm) Al(ppm) N(ppm) O(ppm) Cr(%) Ni(%) Mo(%) V(ppm) Cu(%) Nb(ppm) Temp(Curve) Predicted Pred-err Pred+err
0.0689000 1.2086000 0.3643000 0.0065000 0.0085000 250 150 500 150 392.3002930 0.1049000 0.3650000 0.0364000 33.1957016 0.0812000 16.1662006 -120.0 34.137829 -48.749039 117.024704
0.0689000 1.2086000 0.3643000 0.0065000 0.0085000 250 150 500 150 392.3002930 0.1049000 0.3650000 0.0364000 33.1957016 0.0812000 16.1662006 -115.0 37.884865 -40.950478 116.720451
0.0689000 1.2086000 0.3643000 0.0065000 0.0085000 250 150 500 150 392.3002930 0.1049000 0.3650000 0.0364000 33.1957016 0.0812000 16.1662006 -110.0 41.830524 -32.847416 116.508224
0.0689000 1.2086000 0.3643000 0.0065000 0.0085000 250 150 500 150 392.3002930 0.1049000 0.3650000 0.0364000 33.1957016 0.0812000 16.1662006 -105.0 46.086155 -24.588057 116.760605
0.0689000 1.2086000 0.3643000 0.0065000 0.0085000 250 150 500 150 392.3002930 0.1049000 0.3650000 0.0364000 33.1957016 0.0812000 16.1662006 -100.0 50.750000 -16.359051 117.859291
0.0689000 1.2086000 0.3643000 0.0065000 0.0085000 250 150 500 150 392.3002930 0.1049000 0.3650000 0.0364000 33.1957016 0.0812000 16.1662006 -95.0 55.874161 -8.334143 120.082230
0.0689000 1.2086000 0.3643000 0.0065000 0.0085000 250 150 500 150 392.3002930 0.1049000 0.3650000 0.0364000 33.1957016 0.0812000 16.1662006 -90.0 61.448833 -0.620655 123.518089
0.0689000 1.2086000 0.3643000 0.0065000 0.0085000 250 150 500 150 392.3002930 0.1049000 0.3650000 0.0364000 33.1957016 0.0812000 16.1662006 -85.0 67.408775 6.769702 128.047852
0.0689000 1.2086000 0.3643000 0.0065000 0.0085000 250 150 500 150 392.3002930 0.1049000 0.3650000 0.0364000 33.1957016 0.0812000 16.1662006 -80.0 73.659821 13.914845 133.404800
0.0689000 1.2086000 0.3643000 0.0065000 0.0085000 250 150 500 150 392.3002930 0.1049000 0.3650000 0.0364000 33.1957016 0.0812000 16.1662006 -75.0 80.111389 20.948849 139.273926
0.0689000 1.2086000 0.3643000 0.0065000 0.0085000 250 150 500 150 392.3002930 0.1049000 0.3650000 0.0364000 33.1957016 0.0812000 16.1662006 -70.0 86.698471 28.020620 145.376556
0.0689000 1.2086000 0.3643000 0.0065000 0.0085000 250 150 500 150 392.3002930 0.1049000 0.3650000 0.0364000 33.1957016 0.0812000 16.1662006 -65.0 93.383301 35.258736 151.507858
0.0689000 1.2086000 0.3643000 0.0065000 0.0085000 250 150 500 150 392.3002930 0.1049000 0.3650000 0.0364000 33.1957016 0.0812000 16.1662006 -60.0 100.137680 42.738007 157.537354
0.0689000 1.2086000 0.3643000 0.0065000 0.0085000 250 150 500 150 392.3002930 0.1049000 0.3650000 0.0364000 33.1957016 0.0812000 16.1662006 -55.0 106.923607 50.454121 163.393097
0.0689000 1.2086000 0.3643000 0.0065000 0.0085000 250 150 500 150 392.3002930 0.1049000 0.3650000 0.0364000 33.1957016 0.0812000 16.1662006 -50.0 113.679176 58.314831 169.043289
0.0689000 1.2086000 0.3643000 0.0065000 0.0085000 250 150 500 150 392.3002930 0.1049000 0.3650000 0.0364000 33.1957016 0.0812000 16.1662006 -45.0 120.310951 66.145424 174.476471
0.0689000 1.2086000 0.3643000 0.0065000 0.0085000 250 150 500 150 392.3002930 0.1049000 0.3650000 0.0364000 33.1957016 0.0812000 16.1662006 -40.0 126.695839 73.711449 179.679977
0.0689000 1.2086000 0.3643000 0.0065000 0.0085000 250 150 500 150 392.3002930 0.1049000 0.3650000 0.0364000 33.1957016 0.0812000 16.1662006 -35.0 132.684464 80.758362 184.610565
0.0689000 1.2086000 0.3643000 0.0065000 0.0085000 250 150 500 150 392.3002930 0.1049000 0.3650000 0.0364000 33.1957016 0.0812000 16.1662006 -30.0 138.119324 87.065094 189.173782
0.0689000 1.2086000 0.3643000 0.0065000 0.0085000 250 150 500 150 392.3002930 0.1049000 0.3650000 0.0364000 33.1957016 0.0812000 16.1662006 -25.0 142.860123 92.489197 193.230804
0.0689000 1.2086000 0.3643000 0.0065000 0.0085000 250 150 500 150 392.3002930 0.1049000 0.3650000 0.0364000 33.1957016 0.0812000 16.1662006 -20.0 146.811752 96.980247 196.643005
0.0689000 1.2086000 0.3643000 0.0065000 0.0085000 250 150 500 150 392.3002930 0.1049000 0.3650000 0.0364000 33.1957016 0.0812000 16.1662006 -15.0 149.941208 100.557838 199.324585
0.0689000 1.2086000 0.3643000 0.0065000 0.0085000 250 150 500 150 392.3002930 0.1049000 0.3650000 0.0364000 33.1957016 0.0812000 16.1662006 -10.0 152.277435 103.282440 201.272202
0.0689000 1.2086000 0.3643000 0.0065000 0.0085000 250 150 500 150 392.3002930 0.1049000 0.3650000 0.0364000 33.1957016 0.0812000 16.1662006 -5.0 153.897385 105.230286 202.564713
0.0689000 1.2086000 0.3643000 0.0065000 0.0085000 250 150 500 150 392.3002930 0.1049000 0.3650000 0.0364000 33.1957016 0.0812000 16.1662006 0.0 154.910980 106.480263 203.341949
0.0689000 1.2086000 0.3643000 0.0065000 0.0085000 250 150 500 150 392.3002930 0.1049000 0.3650000 0.0364000 33.1957016 0.0812000 16.1662006 5.0 155.441559 107.103096 203.780029
0.0689000 1.2086000 0.3643000 0.0065000 0.0085000 250 150 500 150 392.3002930 0.1049000 0.3650000 0.0364000 33.1957016 0.0812000 16.1662006 10.0 155.611252 107.157585 204.064682
0.0689000 1.2086000 0.3643000 0.0065000 0.0085000 250 150 500 150 392.3002930 0.1049000 0.3650000 0.0364000 33.1957016 0.0812000 16.1662006 15.0 155.527359 106.688667 204.366058
0.0689000 1.2086000 0.3643000 0.0065000 0.0085000 250 150 500 150 392.3002930 0.1049000 0.3650000 0.0364000 33.1957016 0.0812000 16.1662006 20.0 155.276413 105.733383 204.819687
0.0689000 1.2086000 0.3643000 0.0065000 0.0085000 250 150 500 150 392.3002930 0.1049000 0.3650000 0.0364000 33.1957016 0.0812000 16.1662006 25.0 154.920303 104.327583 205.513016
0.0689000 1.2086000 0.3643000 0.0065000 0.0085000 250 150 500 150 392.3002930 0.1049000 0.3650000 0.0364000 33.1957016 0.0812000 16.1662006 30.0 154.497269 102.513573 206.480972
0.0689000 1.2086000 0.3643000 0.0065000 0.0085000 250 150 500 150 392.3002930 0.1049000 0.3650000 0.0364000 33.1957016 0.0812000 16.1662006 35.0 154.026443 100.341545 207.711334
0.0689000 1.2086000 0.3643000 0.0065000 0.0085000 250 150 500 150 392.3002930 0.1049000 0.3650000 0.0364000 33.1957016 0.0812000 16.1662006 40.0 153.512360 97.871002 209.153702
