C(%) Mn(%) Si(%) S(%) P(%) Ti(ppm) B(ppm) Al(ppm) N(ppm) O(ppm) Cr(%) Ni(%) Mo(%) V(ppm) Cu(%) Nb(ppm) Temp(Curve) Predicted Pred-err Pred+err
0.0689000 1.2086000 0.3643000 0.0065000 0.0085000 250 5 20 200 392.3002930 0.1049000 0.3650000 0.0364000 33.1957016 0.0812000 16.1662006 -120.0 2.959798 -9.157505 15.077100
0.0689000 1.2086000 0.3643000 0.0065000 0.0085000 250 5 20 200 392.3002930 0.1049000 0.3650000 0.0364000 33.1957016 0.0812000 16.1662006 -115.0 3.292729 -7.885067 14.470519
0.0689000 1.2086000 0.3643000 0.0065000 0.0085000 250 5 20 200 392.3002930 0.1049000 0.3650000 0.0364000 33.1957016 0.0812000 16.1662006 -110.0 3.731292 -6.826298 14.288639
0.0689000 1.2086000 0.3643000 0.0065000 0.0085000 250 5 20 200 392.3002930 0.1049000 0.3650000 0.0364000 33.1957016 0.0812000 16.1662006 -105.0 4.267607 -5.901366 14.436579
0.0689000 1.2086000 0.3643000 0.0065000 0.0085000 250 5 20 200 392.3002930 0.1049000 0.3650000 0.0364000 33.1957016 0.0812000 16.1662006 -100.0 4.900001 -5.027104 14.826870
0.0689000 1.2086000 0.3643000 0.0065000 0.0085000 250 5 20 200 392.3002930 0.1049000 0.3650000 0.0364000 33.1957016 0.0812000 16.1662006 -95.0 5.649742 -4.090932 15.390665
0.0689000 1.2086000 0.3643000 0.0065000 0.0085000 250 5 20 200 392.3002930 0.1049000 0.3650000 0.0364000 33.1957016 0.0812000 16.1662006 -90.0 6.589732 -2.920322 16.099777
0.0689000 1.2086000 0.3643000 0.0065000 0.0085000 250 5 20 200 392.3002930 0.1049000 0.3650000 0.0364000 33.1957016 0.0812000 16.1662006 -85.0 7.867668 -1.269538 17.004639
0.0689000 1.2086000 0.3643000 0.0065000 0.0085000 250 5 20 200 392.3002930 0.1049000 0.3650000 0.0364000 33.1957016 0.0812000 16.1662006 -80.0 9.719435 1.154870 18.283764
0.0689000 1.2086000 0.3643000 0.0065000 0.0085000 250 5 20 200 392.3002930 0.1049000 0.3650000 0.0364000 33.1957016 0.0812000 16.1662006 -75.0 12.455505 4.629457 20.281326
0.0689000 1.2086000 0.3643000 0.0065000 0.0085000 250 5 20 200 392.3002930 0.1049000 0.3650000 0.0364000 33.1957016 0.0812000 16.1662006 -70.0 16.421476 9.321978 23.521212
0.0689000 1.2086000 0.3643000 0.0065000 0.0085000 250 5 20 200 392.3002930 0.1049000 0.3650000 0.0364000 33.1957016 0.0812000 16.1662006 -65.0 21.940943 15.239861 28.642023
0.0689000 1.2086000 0.3643000 0.0065000 0.0085000 250 5 20 200 392.3002930 0.1049000 0.3650000 0.0364000 33.1957016 0.0812000 16.1662006 -60.0 29.252907 22.346285 36.159527
0.0689000 1.2086000 0.3643000 0.0065000 0.0085000 250 5 20 200 392.3002930 0.1049000 0.3650000 0.0364000 33.1957016 0.0812000 16.1662006 -55.0 38.465878 30.789200 46.142319
0.0689000 1.2086000 0.3643000 0.0065000 0.0085000 250 5 20 200 392.3002930 0.1049000 0.3650000 0.0364000 33.1957016 0.0812000 16.1662006 -50.0 49.532059 40.845837 58.218273
0.0689000 1.2086000 0.3643000 0.0065000 0.0085000 250 5 20 200 392.3002930 0.1049000 0.3650000 0.0364000 33.1957016 0.0812000 16.1662006 -45.0 62.242794 52.638821 71.846771
0.0689000 1.2086000 0.3643000 0.0065000 0.0085000 250 5 20 200 392.3002930 0.1049000 0.3650000 0.0364000 33.1957016 0.0812000 16.1662006 -40.0 76.238159 65.992462 86.484085
0.0689000 1.2086000 0.3643000 0.0065000 0.0085000 250 5 20 200 392.3002930 0.1049000 0.3650000 0.0364000 33.1957016 0.0812000 16.1662006 -35.0 91.034882 80.443123 101.626411
0.0689000 1.2086000 0.3643000 0.0065000 0.0085000 250 5 20 200 392.3002930 0.1049000 0.3650000 0.0364000 33.1957016 0.0812000 16.1662006 -30.0 106.076347 95.334496 116.818207
0.0689000 1.2086000 0.3643000 0.0065000 0.0085000 250 5 20 200 392.3002930 0.1049000 0.3650000 0.0364000 33.1957016 0.0812000 16.1662006 -25.0 120.803528 109.958427 131.648865
0.0689000 1.2086000 0.3643000 0.0065000 0.0085000 250 5 20 200 392.3002930 0.1049000 0.3650000 0.0364000 33.1957016 0.0812000 16.1662006 -20.0 134.725998 123.688980 145.762772
0.0689000 1.2086000 0.3643000 0.0065000 0.0085000 250 5 20 200 392.3002930 0.1049000 0.3650000 0.0364000 33.1957016 0.0812000 16.1662006 -15.0 147.470917 136.070129 158.871689
0.0689000 1.2086000 0.3643000 0.0065000 0.0085000 250 5 20 200 392.3002930 0.1049000 0.3650000 0.0364000 33.1957016 0.0812000 16.1662006 -10.0 158.803818 146.847595 170.760025
0.0689000 1.2086000 0.3643000 0.0065000 0.0085000 250 5 20 200 392.3002930 0.1049000 0.3650000 0.0364000 33.1957016 0.0812000 16.1662006 -5.0 168.618820 155.954941 181.282715
0.0689000 1.2086000 0.3643000 0.0065000 0.0085000 250 5 20 200 392.3002930 0.1049000 0.3650000 0.0364000 33.1957016 0.0812000 16.1662006 0.0 176.915466 163.470764 190.360184
0.0689000 1.2086000 0.3643000 0.0065000 0.0085000 250 5 20 200 392.3002930 0.1049000 0.3650000 0.0364000 33.1957016 0.0812000 16.1662006 5.0 183.768799 169.559052 197.978546
0.0689000 1.2086000 0.3643000 0.0065000 0.0085000 250 5 20 200 392.3002930 0.1049000 0.3650000 0.0364000 33.1957016 0.0812000 16.1662006 10.0 189.302368 174.415054 204.189667
0.0689000 1.2086000 0.3643000 0.0065000 0.0085000 250 5 20 200 392.3002930 0.1049000 0.3650000 0.0364000 33.1957016 0.0812000 16.1662006 15.0 193.666260 178.224716 209.108063
0.0689000 1.2086000 0.3643000 0.0065000 0.0085000 250 5 20 200 392.3002930 0.1049000 0.3650000 0.0364000 33.1957016 0.0812000 16.1662006 20.0 197.019669 181.137894 212.901215
0.0689000 1.2086000 0.3643000 0.0065000 0.0085000 250 5 20 200 392.3002930 0.1049000 0.3650000 0.0364000 33.1957016 0.0812000 16.1662006 25.0 199.517227 183.254700 215.779984
0.0689000 1.2086000 0.3643000 0.0065000 0.0085000 250 5 20 200 392.3002930 0.1049000 0.3650000 0.0364000 33.1957016 0.0812000 16.1662006 30.0 201.303513 184.626801 217.980209
0.0689000 1.2086000 0.3643000 0.0065000 0.0085000 250 5 20 200 392.3002930 0.1049000 0.3650000 0.0364000 33.1957016 0.0812000 16.1662006 35.0 202.506638 185.270203 219.743073
0.0689000 1.2086000 0.3643000 0.0065000 0.0085000 250 5 20 200 392.3002930 0.1049000 0.3650000 0.0364000 33.1957016 0.0812000 16.1662006 40.0 203.237732 185.188690 221.286545
