C(%) Mn(%) Si(%) S(%) P(%) Ti(ppm) B(ppm) Al(ppm) N(ppm) O(ppm) Cr(%) Ni(%) Mo(%) V(ppm) Cu(%) Nb(ppm) Temp(Curve) Predicted Pred-err Pred+err
0.0689000 1.2086000 0.3643000 0.0065000 0.0085000 28 150 20 200 392.3002930 0.1049000 0.3650000 0.0364000 33.1957016 0.0812000 16.1662006 -120.0 5.263282 -16.235727 26.762285
0.0689000 1.2086000 0.3643000 0.0065000 0.0085000 28 150 20 200 392.3002930 0.1049000 0.3650000 0.0364000 33.1957016 0.0812000 16.1662006 -115.0 5.377047 -16.315546 27.069881
0.0689000 1.2086000 0.3643000 0.0065000 0.0085000 28 150 20 200 392.3002930 0.1049000 0.3650000 0.0364000 33.1957016 0.0812000 16.1662006 -110.0 5.649029 -16.056948 27.355005
0.0689000 1.2086000 0.3643000 0.0065000 0.0085000 28 150 20 200 392.3002930 0.1049000 0.3650000 0.0364000 33.1957016 0.0812000 16.1662006 -105.0 6.137066 -15.312235 27.586117
0.0689000 1.2086000 0.3643000 0.0065000 0.0085000 28 150 20 200 392.3002930 0.1049000 0.3650000 0.0364000 33.1957016 0.0812000 16.1662006 -100.0 6.942258 -13.991277 27.875551
0.0689000 1.2086000 0.3643000 0.0065000 0.0085000 28 150 20 200 392.3002930 0.1049000 0.3650000 0.0364000 33.1957016 0.0812000 16.1662006 -95.0 8.207281 -12.022390 28.436960
0.0689000 1.2086000 0.3643000 0.0065000 0.0085000 28 150 20 200 392.3002930 0.1049000 0.3650000 0.0364000 33.1957016 0.0812000 16.1662006 -90.0 10.110203 -9.320971 29.541143
0.0689000 1.2086000 0.3643000 0.0065000 0.0085000 28 150 20 200 392.3002930 0.1049000 0.3650000 0.0364000 33.1957016 0.0812000 16.1662006 -85.0 12.853205 -5.774452 31.480627
0.0689000 1.2086000 0.3643000 0.0065000 0.0085000 28 150 20 200 392.3002930 0.1049000 0.3650000 0.0364000 33.1957016 0.0812000 16.1662006 -80.0 16.644463 -1.258782 34.547714
0.0689000 1.2086000 0.3643000 0.0065000 0.0085000 28 150 20 200 392.3002930 0.1049000 0.3650000 0.0364000 33.1957016 0.0812000 16.1662006 -75.0 21.670633 4.325208 39.016060
0.0689000 1.2086000 0.3643000 0.0065000 0.0085000 28 150 20 200 392.3002930 0.1049000 0.3650000 0.0364000 33.1957016 0.0812000 16.1662006 -70.0 28.064119 11.016011 45.112469
0.0689000 1.2086000 0.3643000 0.0065000 0.0085000 28 150 20 200 392.3002930 0.1049000 0.3650000 0.0364000 33.1957016 0.0812000 16.1662006 -65.0 35.872013 18.778496 52.965534
0.0689000 1.2086000 0.3643000 0.0065000 0.0085000 28 150 20 200 392.3002930 0.1049000 0.3650000 0.0364000 33.1957016 0.0812000 16.1662006 -60.0 45.037899 27.527803 62.547997
0.0689000 1.2086000 0.3643000 0.0065000 0.0085000 28 150 20 200 392.3002930 0.1049000 0.3650000 0.0364000 33.1957016 0.0812000 16.1662006 -55.0 55.404045 37.165482 73.642372
0.0689000 1.2086000 0.3643000 0.0065000 0.0085000 28 150 20 200 392.3002930 0.1049000 0.3650000 0.0364000 33.1957016 0.0812000 16.1662006 -50.0 66.727394 47.588985 85.865555
0.0689000 1.2086000 0.3643000 0.0065000 0.0085000 28 150 20 200 392.3002930 0.1049000 0.3650000 0.0364000 33.1957016 0.0812000 16.1662006 -45.0 78.698418 58.652298 98.744545
0.0689000 1.2086000 0.3643000 0.0065000 0.0085000 28 150 20 200 392.3002930 0.1049000 0.3650000 0.0364000 33.1957016 0.0812000 16.1662006 -40.0 90.958641 70.108047 111.809242
0.0689000 1.2086000 0.3643000 0.0065000 0.0085000 28 150 20 200 392.3002930 0.1049000 0.3650000 0.0364000 33.1957016 0.0812000 16.1662006 -35.0 103.121590 81.589607 124.653816
0.0689000 1.2086000 0.3643000 0.0065000 0.0085000 28 150 20 200 392.3002930 0.1049000 0.3650000 0.0364000 33.1957016 0.0812000 16.1662006 -30.0 114.804626 92.653870 136.955383
0.0689000 1.2086000 0.3643000 0.0065000 0.0085000 28 150 20 200 392.3002930 0.1049000 0.3650000 0.0364000 33.1957016 0.0812000 16.1662006 -25.0 125.667419 102.873032 148.461563
0.0689000 1.2086000 0.3643000 0.0065000 0.0085000 28 150 20 200 392.3002930 0.1049000 0.3650000 0.0364000 33.1957016 0.0812000 16.1662006 -20.0 135.446823 111.923965 158.969437
0.0689000 1.2086000 0.3643000 0.0065000 0.0085000 28 150 20 200 392.3002930 0.1049000 0.3650000 0.0364000 33.1957016 0.0812000 16.1662006 -15.0 143.976486 119.637451 168.315536
0.0689000 1.2086000 0.3643000 0.0065000 0.0085000 28 150 20 200 392.3002930 0.1049000 0.3650000 0.0364000 33.1957016 0.0812000 16.1662006 -10.0 151.186646 125.995331 176.377716
0.0689000 1.2086000 0.3643000 0.0065000 0.0085000 28 150 20 200 392.3002930 0.1049000 0.3650000 0.0364000 33.1957016 0.0812000 16.1662006 -5.0 157.088516 131.092957 183.084061
0.0689000 1.2086000 0.3643000 0.0065000 0.0085000 28 150 20 200 392.3002930 0.1049000 0.3650000 0.0364000 33.1957016 0.0812000 16.1662006 0.0 161.754745 135.086411 188.423325
0.0689000 1.2086000 0.3643000 0.0065000 0.0085000 28 150 20 200 392.3002930 0.1049000 0.3650000 0.0364000 33.1957016 0.0812000 16.1662006 5.0 165.297440 138.146805 192.448074
0.0689000 1.2086000 0.3643000 0.0065000 0.0085000 28 150 20 200 392.3002930 0.1049000 0.3650000 0.0364000 33.1957016 0.0812000 16.1662006 10.0 167.850677 140.428772 195.272827
0.0689000 1.2086000 0.3643000 0.0065000 0.0085000 28 150 20 200 392.3002930 0.1049000 0.3650000 0.0364000 33.1957016 0.0812000 16.1662006 15.0 169.556427 142.051590 197.061020
0.0689000 1.2086000 0.3643000 0.0065000 0.0085000 28 150 20 200 392.3002930 0.1049000 0.3650000 0.0364000 33.1957016 0.0812000 16.1662006 20.0 170.552094 143.093872 198.010086
0.0689000 1.2086000 0.3643000 0.0065000 0.0085000 28 150 20 200 392.3002930 0.1049000 0.3650000 0.0364000 33.1957016 0.0812000 16.1662006 25.0 170.961502 143.598160 198.324615
0.0689000 1.2086000 0.3643000 0.0065000 0.0085000 28 150 20 200 392.3002930 0.1049000 0.3650000 0.0364000 33.1957016 0.0812000 16.1662006 30.0 170.888367 143.585968 198.190536
0.0689000 1.2086000 0.3643000 0.0065000 0.0085000 28 150 20 200 392.3002930 0.1049000 0.3650000 0.0364000 33.1957016 0.0812000 16.1662006 35.0 170.415390 143.075226 197.755798
0.0689000 1.2086000 0.3643000 0.0065000 0.0085000 28 150 20 200 392.3002930 0.1049000 0.3650000 0.0364000 33.1957016 0.0812000 16.1662006 40.0 169.609238 142.091263 197.127457
