C(%) Mn(%) Si(%) S(%) P(%) Ti(ppm) B(ppm) Al(ppm) N(ppm) O(ppm) Cr(%) Ni(%) Mo(%) V(ppm) Cu(%) Nb(ppm) Temp(Curve) Predicted Pred-err Pred+err
0.0689000 1.2086000 0.3643000 0.0065000 0.0085000 132.9290009 24.4503994 46.3552017 91.7948990 392.3002930 0.03 0.3650000 0.0364000 33.1957016 0.0812000 16.1662006 -40.0000000 142.781250 132.194031 153.368713
0.0689000 1.2086000 0.3643000 0.0065000 0.0085000 132.9290009 24.4503994 46.3552017 91.7948990 392.3002930 0.14 0.3650000 0.0364000 33.1957016 0.0812000 16.1662006 -40.0000000 142.899078 130.663483 155.134689
0.0689000 1.2086000 0.3643000 0.0065000 0.0085000 132.9290009 24.4503994 46.3552017 91.7948990 392.3002930 0.25 0.3650000 0.0364000 33.1957016 0.0812000 16.1662006 -40.0000000 142.518829 128.393219 156.644455
0.0689000 1.2086000 0.3643000 0.0065000 0.0085000 132.9290009 24.4503994 46.3552017 91.7948990 392.3002930 0.36 0.3650000 0.0364000 33.1957016 0.0812000 16.1662006 -40.0000000 141.548492 125.377991 157.719223
0.0689000 1.2086000 0.3643000 0.0065000 0.0085000 132.9290009 24.4503994 46.3552017 91.7948990 392.3002930 0.47 0.3650000 0.0364000 33.1957016 0.0812000 16.1662006 -40.0000000 139.920654 121.609436 158.231888
0.0689000 1.2086000 0.3643000 0.0065000 0.0085000 132.9290009 24.4503994 46.3552017 91.7948990 392.3002930 0.5800000000000001 0.3650000 0.0364000 33.1957016 0.0812000 16.1662006 -40.0000000 137.596146 117.088753 158.103775
0.0689000 1.2086000 0.3643000 0.0065000 0.0085000 132.9290009 24.4503994 46.3552017 91.7948990 392.3002930 0.6900000000000001 0.3650000 0.0364000 33.1957016 0.0812000 16.1662006 -40.0000000 134.563004 111.825256 157.300507
0.0689000 1.2086000 0.3643000 0.0065000 0.0085000 132.9290009 24.4503994 46.3552017 91.7948990 392.3002930 0.8 0.3650000 0.0364000 33.1957016 0.0812000 16.1662006 -40.0000000 130.831726 105.840218 155.823486
0.0689000 1.2086000 0.3643000 0.0065000 0.0085000 132.9290009 24.4503994 46.3552017 91.7948990 392.3002930 0.91 0.3650000 0.0364000 33.1957016 0.0812000 16.1662006 -40.0000000 126.431259 99.165184 153.697098
0.0689000 1.2086000 0.3643000 0.0065000 0.0085000 132.9290009 24.4503994 46.3552017 91.7948990 392.3002930 1.02 0.3650000 0.0364000 33.1957016 0.0812000 16.1662006 -40.0000000 121.402702 91.845093 150.960068
0.0689000 1.2086000 0.3643000 0.0065000 0.0085000 132.9290009 24.4503994 46.3552017 91.7948990 392.3002930 1.1300000000000001 0.3650000 0.0364000 33.1957016 0.0812000 16.1662006 -40.0000000 115.797913 83.937065 147.658768
0.0689000 1.2086000 0.3643000 0.0065000 0.0085000 132.9290009 24.4503994 46.3552017 91.7948990 392.3002930 1.24 0.3650000 0.0364000 33.1957016 0.0812000 16.1662006 -40.0000000 109.679039 75.509926 143.847916
0.0689000 1.2086000 0.3643000 0.0065000 0.0085000 132.9290009 24.4503994 46.3552017 91.7948990 392.3002930 1.35 0.3650000 0.0364000 33.1957016 0.0812000 16.1662006 -40.0000000 103.117050 66.644455 139.589890
0.0689000 1.2086000 0.3643000 0.0065000 0.0085000 132.9290009 24.4503994 46.3552017 91.7948990 392.3002930 1.46 0.3650000 0.0364000 33.1957016 0.0812000 16.1662006 -40.0000000 96.193222 57.432919 134.953766
0.0689000 1.2086000 0.3643000 0.0065000 0.0085000 132.9290009 24.4503994 46.3552017 91.7948990 392.3002930 1.57 0.3650000 0.0364000 33.1957016 0.0812000 16.1662006 -40.0000000 88.995018 47.976643 130.013641
0.0689000 1.2086000 0.3643000 0.0065000 0.0085000 132.9290009 24.4503994 46.3552017 91.7948990 392.3002930 1.68 0.3650000 0.0364000 33.1957016 0.0812000 16.1662006 -40.0000000 81.613029 38.381031 124.844780
0.0689000 1.2086000 0.3643000 0.0065000 0.0085000 132.9290009 24.4503994 46.3552017 91.7948990 392.3002930 1.79 0.3650000 0.0364000 33.1957016 0.0812000 16.1662006 -40.0000000 74.134239 28.747183 119.521057
0.0689000 1.2086000 0.3643000 0.0065000 0.0085000 132.9290009 24.4503994 46.3552017 91.7948990 392.3002930 1.9000000000000001 0.3650000 0.0364000 33.1957016 0.0812000 16.1662006 -40.0000000 66.638718 19.165197 114.112244
0.0689000 1.2086000 0.3643000 0.0065000 0.0085000 132.9290009 24.4503994 46.3552017 91.7948990 392.3002930 2.01 0.3650000 0.0364000 33.1957016 0.0812000 16.1662006 -40.0000000 59.195786 9.705574 108.685989
0.0689000 1.2086000 0.3643000 0.0065000 0.0085000 132.9290009 24.4503994 46.3552017 91.7948990 392.3002930 2.1199999999999997 0.3650000 0.0364000 33.1957016 0.0812000 16.1662006 -40.0000000 51.862305 0.418270 103.306580
0.0689000 1.2086000 0.3643000 0.0065000 0.0085000 132.9290009 24.4503994 46.3552017 91.7948990 392.3002930 2.23 0.3650000 0.0364000 33.1957016 0.0812000 16.1662006 -40.0000000 44.684898 -8.666590 98.036392
0.0689000 1.2086000 0.3643000 0.0065000 0.0085000 132.9290009 24.4503994 46.3552017 91.7948990 392.3002930 2.34 0.3650000 0.0364000 33.1957016 0.0812000 16.1662006 -40.0000000 37.701321 -17.533737 92.936127
0.0689000 1.2086000 0.3643000 0.0065000 0.0085000 132.9290009 24.4503994 46.3552017 91.7948990 392.3002930 2.3499999 0.3650000 0.0364000 33.1957016 0.0812000 16.1662006 -40.0000000 37.077053 -18.328892 92.482986
