C(%) Mn(%) Si(%) S(%) P(%) Ti(ppm) B(ppm) Al(ppm) N(ppm) O(ppm) Cr(%) Ni(%) Mo(%) V(ppm) Cu(%) Nb(ppm) Temp(Curve) Predicted Pred-err Pred+err
0.0689000 1.2086000 0.3643000 0.0065000 0.0085000 132.9290009 24.4503994 46.3552017 91.7948990 392.3002930 0.1049000 0.03 0.0364000 33.1957016 0.0812000 16.1662006 -40.0000000 133.136414 123.190659 143.081909
0.0689000 1.2086000 0.3643000 0.0065000 0.0085000 132.9290009 24.4503994 46.3552017 91.7948990 392.3002930 0.1049000 0.28 0.0364000 33.1957016 0.0812000 16.1662006 -40.0000000 140.623322 129.425690 151.820709
0.0689000 1.2086000 0.3643000 0.0065000 0.0085000 132.9290009 24.4503994 46.3552017 91.7948990 392.3002930 0.1049000 0.53 0.0364000 33.1957016 0.0812000 16.1662006 -40.0000000 146.974274 134.341919 159.606857
0.0689000 1.2086000 0.3643000 0.0065000 0.0085000 132.9290009 24.4503994 46.3552017 91.7948990 392.3002930 0.1049000 0.78 0.0364000 33.1957016 0.0812000 16.1662006 -40.0000000 152.204788 138.110718 166.299088
0.0689000 1.2086000 0.3643000 0.0065000 0.0085000 132.9290009 24.4503994 46.3552017 91.7948990 392.3002930 0.1049000 1.03 0.0364000 33.1957016 0.0812000 16.1662006 -40.0000000 156.363617 140.774841 171.952637
0.0689000 1.2086000 0.3643000 0.0065000 0.0085000 132.9290009 24.4503994 46.3552017 91.7948990 392.3002930 0.1049000 1.28 0.0364000 33.1957016 0.0812000 16.1662006 -40.0000000 159.501450 142.346985 176.655914
0.0689000 1.2086000 0.3643000 0.0065000 0.0085000 132.9290009 24.4503994 46.3552017 91.7948990 392.3002930 0.1049000 1.53 0.0364000 33.1957016 0.0812000 16.1662006 -40.0000000 161.670853 142.848648 180.493301
0.0689000 1.2086000 0.3643000 0.0065000 0.0085000 132.9290009 24.4503994 46.3552017 91.7948990 392.3002930 0.1049000 1.78 0.0364000 33.1957016 0.0812000 16.1662006 -40.0000000 162.937790 142.327148 183.548447
0.0689000 1.2086000 0.3643000 0.0065000 0.0085000 132.9290009 24.4503994 46.3552017 91.7948990 392.3002930 0.1049000 2.03 0.0364000 33.1957016 0.0812000 16.1662006 -40.0000000 163.387115 140.869736 185.904495
0.0689000 1.2086000 0.3643000 0.0065000 0.0085000 132.9290009 24.4503994 46.3552017 91.7948990 392.3002930 0.1049000 2.28 0.0364000 33.1957016 0.0812000 16.1662006 -40.0000000 163.120392 138.603287 187.637482
0.0689000 1.2086000 0.3643000 0.0065000 0.0085000 132.9290009 24.4503994 46.3552017 91.7948990 392.3002930 0.1049000 2.53 0.0364000 33.1957016 0.0812000 16.1662006 -40.0000000 162.232986 135.665985 188.799744
0.0689000 1.2086000 0.3643000 0.0065000 0.0085000 132.9290009 24.4503994 46.3552017 91.7948990 392.3002930 0.1049000 2.78 0.0364000 33.1957016 0.0812000 16.1662006 -40.0000000 160.771027 132.147430 189.394852
0.0689000 1.2086000 0.3643000 0.0065000 0.0085000 132.9290009 24.4503994 46.3552017 91.7948990 392.3002930 0.1049000 3.03 0.0364000 33.1957016 0.0812000 16.1662006 -40.0000000 158.701523 128.050720 189.352081
0.0689000 1.2086000 0.3643000 0.0065000 0.0085000 132.9290009 24.4503994 46.3552017 91.7948990 392.3002930 0.1049000 3.28 0.0364000 33.1957016 0.0812000 16.1662006 -40.0000000 155.937958 123.321632 188.554291
0.0689000 1.2086000 0.3643000 0.0065000 0.0085000 132.9290009 24.4503994 46.3552017 91.7948990 392.3002930 0.1049000 3.53 0.0364000 33.1957016 0.0812000 16.1662006 -40.0000000 152.422272 117.905418 186.939377
0.0689000 1.2086000 0.3643000 0.0065000 0.0085000 132.9290009 24.4503994 46.3552017 91.7948990 392.3002930 0.1049000 3.78 0.0364000 33.1957016 0.0812000 16.1662006 -40.0000000 148.183136 111.792992 184.573273
0.0689000 1.2086000 0.3643000 0.0065000 0.0085000 132.9290009 24.4503994 46.3552017 91.7948990 392.3002930 0.1049000 4.03 0.0364000 33.1957016 0.0812000 16.1662006 -40.0000000 143.328323 105.047218 181.609436
0.0689000 1.2086000 0.3643000 0.0065000 0.0085000 132.9290009 24.4503994 46.3552017 91.7948990 392.3002930 0.1049000 4.28 0.0364000 33.1957016 0.0812000 16.1662006 -40.0000000 138.008179 97.812210 178.204163
0.0689000 1.2086000 0.3643000 0.0065000 0.0085000 132.9290009 24.4503994 46.3552017 91.7948990 392.3002930 0.1049000 4.53 0.0364000 33.1957016 0.0812000 16.1662006 -40.0000000 132.376144 90.281319 174.470749
0.0689000 1.2086000 0.3643000 0.0065000 0.0085000 132.9290009 24.4503994 46.3552017 91.7948990 392.3002930 0.1049000 4.78 0.0364000 33.1957016 0.0812000 16.1662006 -40.0000000 126.554108 82.627823 170.480392
0.0689000 1.2086000 0.3643000 0.0065000 0.0085000 132.9290009 24.4503994 46.3552017 91.7948990 392.3002930 0.1049000 5.03 0.0364000 33.1957016 0.0812000 16.1662006 -40.0000000 120.612572 74.940384 166.284988
0.0689000 1.2086000 0.3643000 0.0065000 0.0085000 132.9290009 24.4503994 46.3552017 91.7948990 392.3002930 0.1049000 5.28 0.0364000 33.1957016 0.0812000 16.1662006 -40.0000000 114.570885 67.207062 161.934479
0.0689000 1.2086000 0.3643000 0.0065000 0.0085000 132.9290009 24.4503994 46.3552017 91.7948990 392.3002930 0.1049000 5.4800000 0.0364000 33.1957016 0.0812000 16.1662006 -40.0000000 109.657768 60.937374 158.378387
