C(%) Mn(%) Si(%) S(%) P(%) Ti(ppm) B(ppm) Al(ppm) N(ppm) O(ppm) Cr(%) Ni(%) Mo(%) V(ppm) Cu(%) Nb(ppm) Temp(Curve) Predicted Pred-err Pred+err
0.0689000 1.2086000 0.3643000 0.0065000 0.0085000 250 150 300 200 392.3002930 0.1049000 0.3650000 0.0364000 33.1957016 0.0812000 16.1662006 -120.0 27.605242 -31.911016 87.121262
0.0689000 1.2086000 0.3643000 0.0065000 0.0085000 250 150 300 200 392.3002930 0.1049000 0.3650000 0.0364000 33.1957016 0.0812000 16.1662006 -115.0 29.702944 -27.912544 87.318436
0.0689000 1.2086000 0.3643000 0.0065000 0.0085000 250 150 300 200 392.3002930 0.1049000 0.3650000 0.0364000 33.1957016 0.0812000 16.1662006 -110.0 31.989697 -23.359125 87.338753
0.0689000 1.2086000 0.3643000 0.0065000 0.0085000 250 150 300 200 392.3002930 0.1049000 0.3650000 0.0364000 33.1957016 0.0812000 16.1662006 -105.0 34.574482 -18.185966 87.334923
0.0689000 1.2086000 0.3643000 0.0065000 0.0085000 250 150 300 200 392.3002930 0.1049000 0.3650000 0.0364000 33.1957016 0.0812000 16.1662006 -100.0 37.583965 -12.399299 87.567474
0.0689000 1.2086000 0.3643000 0.0065000 0.0085000 250 150 300 200 392.3002930 0.1049000 0.3650000 0.0364000 33.1957016 0.0812000 16.1662006 -95.0 41.143398 -6.072483 88.359039
0.0689000 1.2086000 0.3643000 0.0065000 0.0085000 250 150 300 200 392.3002930 0.1049000 0.3650000 0.0364000 33.1957016 0.0812000 16.1662006 -90.0 45.350510 0.681898 90.019135
0.0689000 1.2086000 0.3643000 0.0065000 0.0085000 250 150 300 200 392.3002930 0.1049000 0.3650000 0.0364000 33.1957016 0.0812000 16.1662006 -85.0 50.258617 7.751510 92.765724
0.0689000 1.2086000 0.3643000 0.0065000 0.0085000 250 150 300 200 392.3002930 0.1049000 0.3650000 0.0364000 33.1957016 0.0812000 16.1662006 -80.0 55.865799 15.058459 96.673134
0.0689000 1.2086000 0.3643000 0.0065000 0.0085000 250 150 300 200 392.3002930 0.1049000 0.3650000 0.0364000 33.1957016 0.0812000 16.1662006 -75.0 62.124012 22.586000 101.662262
0.0689000 1.2086000 0.3643000 0.0065000 0.0085000 250 150 300 200 392.3002930 0.1049000 0.3650000 0.0364000 33.1957016 0.0812000 16.1662006 -70.0 68.956543 30.380987 107.532097
0.0689000 1.2086000 0.3643000 0.0065000 0.0085000 250 150 300 200 392.3002930 0.1049000 0.3650000 0.0364000 33.1957016 0.0812000 16.1662006 -65.0 76.278786 38.537338 114.020233
0.0689000 1.2086000 0.3643000 0.0065000 0.0085000 250 150 300 200 392.3002930 0.1049000 0.3650000 0.0364000 33.1957016 0.0812000 16.1662006 -60.0 84.009483 47.153053 120.865669
0.0689000 1.2086000 0.3643000 0.0065000 0.0085000 250 150 300 200 392.3002930 0.1049000 0.3650000 0.0364000 33.1957016 0.0812000 16.1662006 -55.0 92.067841 56.279026 127.856895
0.0689000 1.2086000 0.3643000 0.0065000 0.0085000 250 150 300 200 392.3002930 0.1049000 0.3650000 0.0364000 33.1957016 0.0812000 16.1662006 -50.0 100.362335 65.883476 134.841202
0.0689000 1.2086000 0.3643000 0.0065000 0.0085000 250 150 300 200 392.3002930 0.1049000 0.3650000 0.0364000 33.1957016 0.0812000 16.1662006 -45.0 108.779198 75.850021 141.708145
0.0689000 1.2086000 0.3643000 0.0065000 0.0085000 250 150 300 200 392.3002930 0.1049000 0.3650000 0.0364000 33.1957016 0.0812000 16.1662006 -40.0 117.178375 85.993896 148.362625
0.0689000 1.2086000 0.3643000 0.0065000 0.0085000 250 150 300 200 392.3002930 0.1049000 0.3650000 0.0364000 33.1957016 0.0812000 16.1662006 -35.0 125.393761 96.074440 154.712845
0.0689000 1.2086000 0.3643000 0.0065000 0.0085000 250 150 300 200 392.3002930 0.1049000 0.3650000 0.0364000 33.1957016 0.0812000 16.1662006 -30.0 133.239655 105.796478 160.682587
0.0689000 1.2086000 0.3643000 0.0065000 0.0085000 250 150 300 200 392.3002930 0.1049000 0.3650000 0.0364000 33.1957016 0.0812000 16.1662006 -25.0 140.524139 114.815620 166.232407
0.0689000 1.2086000 0.3643000 0.0065000 0.0085000 250 150 300 200 392.3002930 0.1049000 0.3650000 0.0364000 33.1957016 0.0812000 16.1662006 -20.0 147.069153 122.768349 171.370193
0.0689000 1.2086000 0.3643000 0.0065000 0.0085000 250 150 300 200 392.3002930 0.1049000 0.3650000 0.0364000 33.1957016 0.0812000 16.1662006 -15.0 152.732971 129.325790 176.140152
0.0689000 1.2086000 0.3643000 0.0065000 0.0085000 250 150 300 200 392.3002930 0.1049000 0.3650000 0.0364000 33.1957016 0.0812000 16.1662006 -10.0 157.426941 134.266403 180.587463
0.0689000 1.2086000 0.3643000 0.0065000 0.0085000 250 150 300 200 392.3002930 0.1049000 0.3650000 0.0364000 33.1957016 0.0812000 16.1662006 -5.0 161.127136 137.537354 184.716904
0.0689000 1.2086000 0.3643000 0.0065000 0.0085000 250 150 300 200 392.3002930 0.1049000 0.3650000 0.0364000 33.1957016 0.0812000 16.1662006 0.0 163.874191 139.268906 188.479248
0.0689000 1.2086000 0.3643000 0.0065000 0.0085000 250 150 300 200 392.3002930 0.1049000 0.3650000 0.0364000 33.1957016 0.0812000 16.1662006 5.0 165.760620 139.725876 191.795380
0.0689000 1.2086000 0.3643000 0.0065000 0.0085000 250 150 300 200 392.3002930 0.1049000 0.3650000 0.0364000 33.1957016 0.0812000 16.1662006 10.0 166.911896 139.229950 194.593582
0.0689000 1.2086000 0.3643000 0.0065000 0.0085000 250 150 300 200 392.3002930 0.1049000 0.3650000 0.0364000 33.1957016 0.0812000 16.1662006 15.0 167.463028 138.089203 196.836838
0.0689000 1.2086000 0.3643000 0.0065000 0.0085000 250 150 300 200 392.3002930 0.1049000 0.3650000 0.0364000 33.1957016 0.0812000 16.1662006 20.0 167.542603 136.553391 198.531830
0.0689000 1.2086000 0.3643000 0.0065000 0.0085000 250 150 300 200 392.3002930 0.1049000 0.3650000 0.0364000 33.1957016 0.0812000 16.1662006 25.0 167.261063 134.794357 199.727539
0.0689000 1.2086000 0.3643000 0.0065000 0.0085000 250 150 300 200 392.3002930 0.1049000 0.3650000 0.0364000 33.1957016 0.0812000 16.1662006 30.0 166.706589 132.904816 200.508362
0.0689000 1.2086000 0.3643000 0.0065000 0.0085000 250 150 300 200 392.3002930 0.1049000 0.3650000 0.0364000 33.1957016 0.0812000 16.1662006 35.0 165.946335 130.913467 200.979431
0.0689000 1.2086000 0.3643000 0.0065000 0.0085000 250 150 300 200 392.3002930 0.1049000 0.3650000 0.0364000 33.1957016 0.0812000 16.1662006 40.0 165.029526 128.807877 201.251160
