C(%) Mn(%) Si(%) S(%) P(%) Ti(ppm) B(ppm) Al(ppm) N(ppm) O(ppm) Cr(%) Ni(%) Mo(%) V(ppm) Cu(%) Nb(ppm) Temp(Curve) Predicted Pred-err Pred+err
0.0689000 1.2086000 0.3643000 0.0065000 0.0085000 250 150 300 55 392.3002930 0.1049000 0.3650000 0.0364000 33.1957016 0.0812000 16.1662006 -120.0 2.620178 -51.226276 56.466404
0.0689000 1.2086000 0.3643000 0.0065000 0.0085000 250 150 300 55 392.3002930 0.1049000 0.3650000 0.0364000 33.1957016 0.0812000 16.1662006 -115.0 4.072586 -48.079601 56.225014
0.0689000 1.2086000 0.3643000 0.0065000 0.0085000 250 150 300 55 392.3002930 0.1049000 0.3650000 0.0364000 33.1957016 0.0812000 16.1662006 -110.0 5.958292 -45.124126 57.040718
0.0689000 1.2086000 0.3643000 0.0065000 0.0085000 250 150 300 55 392.3002930 0.1049000 0.3650000 0.0364000 33.1957016 0.0812000 16.1662006 -105.0 8.345662 -42.302021 58.993584
0.0689000 1.2086000 0.3643000 0.0065000 0.0085000 250 150 300 55 392.3002930 0.1049000 0.3650000 0.0364000 33.1957016 0.0812000 16.1662006 -100.0 11.259317 -39.480385 61.999252
0.0689000 1.2086000 0.3643000 0.0065000 0.0085000 250 150 300 55 392.3002930 0.1049000 0.3650000 0.0364000 33.1957016 0.0812000 16.1662006 -95.0 14.702351 -36.467556 65.872246
0.0689000 1.2086000 0.3643000 0.0065000 0.0085000 250 150 300 55 392.3002930 0.1049000 0.3650000 0.0364000 33.1957016 0.0812000 16.1662006 -90.0 18.688629 -33.046513 70.423759
0.0689000 1.2086000 0.3643000 0.0065000 0.0085000 250 150 300 55 392.3002930 0.1049000 0.3650000 0.0364000 33.1957016 0.0812000 16.1662006 -85.0 23.260939 -29.012426 75.534302
0.0689000 1.2086000 0.3643000 0.0065000 0.0085000 250 150 300 55 392.3002930 0.1049000 0.3650000 0.0364000 33.1957016 0.0812000 16.1662006 -80.0 28.484760 -24.203270 81.172546
0.0689000 1.2086000 0.3643000 0.0065000 0.0085000 250 150 300 55 392.3002930 0.1049000 0.3650000 0.0364000 33.1957016 0.0812000 16.1662006 -75.0 34.420567 -18.522717 87.364082
0.0689000 1.2086000 0.3643000 0.0065000 0.0085000 250 150 300 55 392.3002930 0.1049000 0.3650000 0.0364000 33.1957016 0.0812000 16.1662006 -70.0 41.092491 -11.948057 94.133041
0.0689000 1.2086000 0.3643000 0.0065000 0.0085000 250 150 300 55 392.3002930 0.1049000 0.3650000 0.0364000 33.1957016 0.0812000 16.1662006 -65.0 48.465397 -4.521132 101.451935
0.0689000 1.2086000 0.3643000 0.0065000 0.0085000 250 150 300 55 392.3002930 0.1049000 0.3650000 0.0364000 33.1957016 0.0812000 16.1662006 -60.0 56.437721 3.664373 109.210838
0.0689000 1.2086000 0.3643000 0.0065000 0.0085000 250 150 300 55 392.3002930 0.1049000 0.3650000 0.0364000 33.1957016 0.0812000 16.1662006 -55.0 64.850044 12.476781 117.223312
0.0689000 1.2086000 0.3643000 0.0065000 0.0085000 250 150 300 55 392.3002930 0.1049000 0.3650000 0.0364000 33.1957016 0.0812000 16.1662006 -50.0 73.504478 21.755957 125.252991
0.0689000 1.2086000 0.3643000 0.0065000 0.0085000 250 150 300 55 392.3002930 0.1049000 0.3650000 0.0364000 33.1957016 0.0812000 16.1662006 -45.0 82.194992 31.329098 133.060883
0.0689000 1.2086000 0.3643000 0.0065000 0.0085000 250 150 300 55 392.3002930 0.1049000 0.3650000 0.0364000 33.1957016 0.0812000 16.1662006 -40.0 90.739243 41.018402 140.460083
0.0689000 1.2086000 0.3643000 0.0065000 0.0085000 250 150 300 55 392.3002930 0.1049000 0.3650000 0.0364000 33.1957016 0.0812000 16.1662006 -35.0 99.000519 50.644363 147.356903
0.0689000 1.2086000 0.3643000 0.0065000 0.0085000 250 150 300 55 392.3002930 0.1049000 0.3650000 0.0364000 33.1957016 0.0812000 16.1662006 -30.0 106.893250 60.023201 153.763062
0.0689000 1.2086000 0.3643000 0.0065000 0.0085000 250 150 300 55 392.3002930 0.1049000 0.3650000 0.0364000 33.1957016 0.0812000 16.1662006 -25.0 114.371803 68.971840 159.771759
0.0689000 1.2086000 0.3643000 0.0065000 0.0085000 250 150 300 55 392.3002930 0.1049000 0.3650000 0.0364000 33.1957016 0.0812000 16.1662006 -20.0 121.414413 77.316284 165.512543
0.0689000 1.2086000 0.3643000 0.0065000 0.0085000 250 150 300 55 392.3002930 0.1049000 0.3650000 0.0364000 33.1957016 0.0812000 16.1662006 -15.0 128.006516 84.905731 171.107300
0.0689000 1.2086000 0.3643000 0.0065000 0.0085000 250 150 300 55 392.3002930 0.1049000 0.3650000 0.0364000 33.1957016 0.0812000 16.1662006 -10.0 134.130173 91.622589 176.637756
0.0689000 1.2086000 0.3643000 0.0065000 0.0085000 250 150 300 55 392.3002930 0.1049000 0.3650000 0.0364000 33.1957016 0.0812000 16.1662006 -5.0 139.761246 97.389656 182.132599
0.0689000 1.2086000 0.3643000 0.0065000 0.0085000 250 150 300 55 392.3002930 0.1049000 0.3650000 0.0364000 33.1957016 0.0812000 16.1662006 0.0 144.869873 102.172287 187.567459
0.0689000 1.2086000 0.3643000 0.0065000 0.0085000 250 150 300 55 392.3002930 0.1049000 0.3650000 0.0364000 33.1957016 0.0812000 16.1662006 5.0 149.426178 105.974533 192.877808
0.0689000 1.2086000 0.3643000 0.0065000 0.0085000 250 150 300 55 392.3002930 0.1049000 0.3650000 0.0364000 33.1957016 0.0812000 16.1662006 10.0 153.404572 108.832260 197.976624
0.0689000 1.2086000 0.3643000 0.0065000 0.0085000 250 150 300 55 392.3002930 0.1049000 0.3650000 0.0364000 33.1957016 0.0812000 16.1662006 15.0 156.789047 110.805923 202.772171
0.0689000 1.2086000 0.3643000 0.0065000 0.0085000 250 150 300 55 392.3002930 0.1049000 0.3650000 0.0364000 33.1957016 0.0812000 16.1662006 20.0 159.576981 111.970329 207.183380
0.0689000 1.2086000 0.3643000 0.0065000 0.0085000 250 150 300 55 392.3002930 0.1049000 0.3650000 0.0364000 33.1957016 0.0812000 16.1662006 25.0 161.779846 112.410568 211.149124
0.0689000 1.2086000 0.3643000 0.0065000 0.0085000 250 150 300 55 392.3002930 0.1049000 0.3650000 0.0364000 33.1957016 0.0812000 16.1662006 30.0 163.424164 112.215065 214.633255
0.0689000 1.2086000 0.3643000 0.0065000 0.0085000 250 150 300 55 392.3002930 0.1049000 0.3650000 0.0364000 33.1957016 0.0812000 16.1662006 35.0 164.550323 111.474884 217.626022
0.0689000 1.2086000 0.3643000 0.0065000 0.0085000 250 150 300 55 392.3002930 0.1049000 0.3650000 0.0364000 33.1957016 0.0812000 16.1662006 40.0 165.211639 110.282272 220.141006
