C(%) Mn(%) Si(%) S(%) P(%) Ti(ppm) B(ppm) Al(ppm) N(ppm) O(ppm) Cr(%) Ni(%) Mo(%) V(ppm) Cu(%) Nb(ppm) Temp(Curve) Predicted Pred-err Pred+err
0.0689000 1.2086000 0.3643000 0.0065000 0.0085000 28 24.4503994 46.3552017 91.7948990 392.3002930 0.1049000 0.03 0.0364000 33.1957016 0.0812000 16.1662006 -40.0000000 147.820084 140.738525 154.901657
0.0689000 1.2086000 0.3643000 0.0065000 0.0085000 28 24.4503994 46.3552017 91.7948990 392.3002930 0.1049000 0.28 0.0364000 33.1957016 0.0812000 16.1662006 -40.0000000 150.723221 142.600098 158.846359
0.0689000 1.2086000 0.3643000 0.0065000 0.0085000 28 24.4503994 46.3552017 91.7948990 392.3002930 0.1049000 0.53 0.0364000 33.1957016 0.0812000 16.1662006 -40.0000000 152.790573 142.992767 162.588379
0.0689000 1.2086000 0.3643000 0.0065000 0.0085000 28 24.4503994 46.3552017 91.7948990 392.3002930 0.1049000 0.78 0.0364000 33.1957016 0.0812000 16.1662006 -40.0000000 154.190628 142.459320 165.921707
0.0689000 1.2086000 0.3643000 0.0065000 0.0085000 28 24.4503994 46.3552017 91.7948990 392.3002930 0.1049000 1.03 0.0364000 33.1957016 0.0812000 16.1662006 -40.0000000 155.063934 141.350845 168.777039
0.0689000 1.2086000 0.3643000 0.0065000 0.0085000 28 24.4503994 46.3552017 91.7948990 392.3002930 0.1049000 1.28 0.0364000 33.1957016 0.0812000 16.1662006 -40.0000000 155.501785 139.831757 171.171585
0.0689000 1.2086000 0.3643000 0.0065000 0.0085000 28 24.4503994 46.3552017 91.7948990 392.3002930 0.1049000 1.53 0.0364000 33.1957016 0.0812000 16.1662006 -40.0000000 155.547684 137.932190 173.163177
0.0689000 1.2086000 0.3643000 0.0065000 0.0085000 28 24.4503994 46.3552017 91.7948990 392.3002930 0.1049000 1.78 0.0364000 33.1957016 0.0812000 16.1662006 -40.0000000 155.218338 135.629410 174.807495
0.0689000 1.2086000 0.3643000 0.0065000 0.0085000 28 24.4503994 46.3552017 91.7948990 392.3002930 0.1049000 2.03 0.0364000 33.1957016 0.0812000 16.1662006 -40.0000000 154.527390 132.915573 176.139206
0.0689000 1.2086000 0.3643000 0.0065000 0.0085000 28 24.4503994 46.3552017 91.7948990 392.3002930 0.1049000 2.28 0.0364000 33.1957016 0.0812000 16.1662006 -40.0000000 153.499451 129.826492 177.172638
0.0689000 1.2086000 0.3643000 0.0065000 0.0085000 28 24.4503994 46.3552017 91.7948990 392.3002930 0.1049000 2.53 0.0364000 33.1957016 0.0812000 16.1662006 -40.0000000 152.174911 126.434128 177.915924
0.0689000 1.2086000 0.3643000 0.0065000 0.0085000 28 24.4503994 46.3552017 91.7948990 392.3002930 0.1049000 2.78 0.0364000 33.1957016 0.0812000 16.1662006 -40.0000000 150.590332 122.802528 178.378387
0.0689000 1.2086000 0.3643000 0.0065000 0.0085000 28 24.4503994 46.3552017 91.7948990 392.3002930 0.1049000 3.03 0.0364000 33.1957016 0.0812000 16.1662006 -40.0000000 148.739761 118.925705 178.553818
0.0689000 1.2086000 0.3643000 0.0065000 0.0085000 28 24.4503994 46.3552017 91.7948990 392.3002930 0.1049000 3.28 0.0364000 33.1957016 0.0812000 16.1662006 -40.0000000 146.547897 114.721939 178.373611
0.0689000 1.2086000 0.3643000 0.0065000 0.0085000 28 24.4503994 46.3552017 91.7948990 392.3002930 0.1049000 3.53 0.0364000 33.1957016 0.0812000 16.1662006 -40.0000000 143.900970 110.103500 177.698669
0.0689000 1.2086000 0.3643000 0.0065000 0.0085000 28 24.4503994 46.3552017 91.7948990 392.3002930 0.1049000 3.78 0.0364000 33.1957016 0.0812000 16.1662006 -40.0000000 140.727280 105.047935 176.406403
0.0689000 1.2086000 0.3643000 0.0065000 0.0085000 28 24.4503994 46.3552017 91.7948990 392.3002930 0.1049000 4.03 0.0364000 33.1957016 0.0812000 16.1662006 -40.0000000 137.043106 99.601601 174.484360
0.0689000 1.2086000 0.3643000 0.0065000 0.0085000 28 24.4503994 46.3552017 91.7948990 392.3002930 0.1049000 4.28 0.0364000 33.1957016 0.0812000 16.1662006 -40.0000000 132.932785 93.842896 172.022430
0.0689000 1.2086000 0.3643000 0.0065000 0.0085000 28 24.4503994 46.3552017 91.7948990 392.3002930 0.1049000 4.53 0.0364000 33.1957016 0.0812000 16.1662006 -40.0000000 128.498138 87.850685 169.145828
0.0689000 1.2086000 0.3643000 0.0065000 0.0085000 28 24.4503994 46.3552017 91.7948990 392.3002930 0.1049000 4.78 0.0364000 33.1957016 0.0812000 16.1662006 -40.0000000 123.823776 81.681381 165.966171
0.0689000 1.2086000 0.3643000 0.0065000 0.0085000 28 24.4503994 46.3552017 91.7948990 392.3002930 0.1049000 5.03 0.0364000 33.1957016 0.0812000 16.1662006 -40.0000000 118.963470 75.356720 162.569977
0.0689000 1.2086000 0.3643000 0.0065000 0.0085000 28 24.4503994 46.3552017 91.7948990 392.3002930 0.1049000 5.28 0.0364000 33.1957016 0.0812000 16.1662006 -40.0000000 113.942322 68.861420 159.023209
0.0689000 1.2086000 0.3643000 0.0065000 0.0085000 28 24.4503994 46.3552017 91.7948990 392.3002930 0.1049000 5.4800000 0.0364000 33.1957016 0.0812000 16.1662006 -40.0000000 109.813591 63.511883 156.115311
