C(%) Mn(%) Si(%) S(%) P(%) Ti(ppm) B(ppm) Al(ppm) N(ppm) O(ppm) Cr(%) Ni(%) Mo(%) V(ppm) Cu(%) Nb(ppm) Temp(Curve) Predicted Pred-err Pred+err
0.035 1.2086000 0.3643000 0.0065000 0.0085000 28 24.4503994 46.3552017 91.7948990 392.3002930 0.1049000 0.3650000 0.0364000 33.1957016 0.0812000 16.1662006 -40.0000000 150.398422 134.426056 166.370789
0.042 1.2086000 0.3643000 0.0065000 0.0085000 28 24.4503994 46.3552017 91.7948990 392.3002930 0.1049000 0.3650000 0.0364000 33.1957016 0.0812000 16.1662006 -40.0000000 151.866119 138.301193 165.431046
0.049 1.2086000 0.3643000 0.0065000 0.0085000 28 24.4503994 46.3552017 91.7948990 392.3002930 0.1049000 0.3650000 0.0364000 33.1957016 0.0812000 16.1662006 -40.0000000 152.732025 141.027954 164.436325
0.05600000000000001 1.2086000 0.3643000 0.0065000 0.0085000 28 24.4503994 46.3552017 91.7948990 392.3002930 0.1049000 0.3650000 0.0364000 33.1957016 0.0812000 16.1662006 -40.0000000 152.923691 142.698074 163.149078
0.063 1.2086000 0.3643000 0.0065000 0.0085000 28 24.4503994 46.3552017 91.7948990 392.3002930 0.1049000 0.3650000 0.0364000 33.1957016 0.0812000 16.1662006 -40.0000000 152.428482 143.303711 161.553513
0.07 1.2086000 0.3643000 0.0065000 0.0085000 28 24.4503994 46.3552017 91.7948990 392.3002930 0.1049000 0.3650000 0.0364000 33.1957016 0.0812000 16.1662006 -40.0000000 151.293243 142.679199 159.907043
0.07700000000000001 1.2086000 0.3643000 0.0065000 0.0085000 28 24.4503994 46.3552017 91.7948990 392.3002930 0.1049000 0.3650000 0.0364000 33.1957016 0.0812000 16.1662006 -40.0000000 149.578415 140.644836 158.511993
0.084 1.2086000 0.3643000 0.0065000 0.0085000 28 24.4503994 46.3552017 91.7948990 392.3002930 0.1049000 0.3650000 0.0364000 33.1957016 0.0812000 16.1662006 -40.0000000 147.305038 137.178619 157.431473
0.091 1.2086000 0.3643000 0.0065000 0.0085000 28 24.4503994 46.3552017 91.7948990 392.3002930 0.1049000 0.3650000 0.0364000 33.1957016 0.0812000 16.1662006 -40.0000000 144.438721 132.387146 156.490295
0.098 1.2086000 0.3643000 0.0065000 0.0085000 28 24.4503994 46.3552017 91.7948990 392.3002930 0.1049000 0.3650000 0.0364000 33.1957016 0.0812000 16.1662006 -40.0000000 140.925415 126.431023 155.419571
0.10500000000000001 1.2086000 0.3643000 0.0065000 0.0085000 28 24.4503994 46.3552017 91.7948990 392.3002930 0.1049000 0.3650000 0.0364000 33.1957016 0.0812000 16.1662006 -40.0000000 136.736710 119.525833 153.947571
0.112 1.2086000 0.3643000 0.0065000 0.0085000 28 24.4503994 46.3552017 91.7948990 392.3002930 0.1049000 0.3650000 0.0364000 33.1957016 0.0812000 16.1662006 -40.0000000 131.882141 111.925873 151.838150
0.11900000000000001 1.2086000 0.3643000 0.0065000 0.0085000 28 24.4503994 46.3552017 91.7948990 392.3002930 0.1049000 0.3650000 0.0364000 33.1957016 0.0812000 16.1662006 -40.0000000 126.383461 103.860817 148.905869
0.126 1.2086000 0.3643000 0.0065000 0.0085000 28 24.4503994 46.3552017 91.7948990 392.3002930 0.1049000 0.3650000 0.0364000 33.1957016 0.0812000 16.1662006 -40.0000000 120.254784 95.498207 145.011597
0.133 1.2086000 0.3643000 0.0065000 0.0085000 28 24.4503994 46.3552017 91.7948990 392.3002930 0.1049000 0.3650000 0.0364000 33.1957016 0.0812000 16.1662006 -40.0000000 113.503754 86.940102 140.067169
0.14 1.2086000 0.3643000 0.0065000 0.0085000 28 24.4503994 46.3552017 91.7948990 392.3002930 0.1049000 0.3650000 0.0364000 33.1957016 0.0812000 16.1662006 -40.0000000 106.135384 78.198433 134.072327
0.14700000000000002 1.2086000 0.3643000 0.0065000 0.0085000 28 24.4503994 46.3552017 91.7948990 392.3002930 0.1049000 0.3650000 0.0364000 33.1957016 0.0812000 16.1662006 -40.0000000 98.166168 69.141289 127.191048
0.1520000 1.2086000 0.3643000 0.0065000 0.0085000 28 24.4503994 46.3552017 91.7948990 392.3002930 0.1049000 0.3650000 0.0364000 33.1957016 0.0812000 16.1662006 -40.0000000 92.131180 62.316647 121.945709
