C(%) Mn(%) Si(%) S(%) P(%) Ti(ppm) B(ppm) Al(ppm) N(ppm) O(ppm) Cr(%) Ni(%) Mo(%) V(ppm) Cu(%) Nb(ppm) Temp(Curve) Predicted Pred-err Pred+err
0.0689000 1.2086000 0.3643000 0.0065000 0.0085000 28 150 300 200 392.3002930 0.1049000 0.3650000 0.0364000 33.1957016 0.0812000 16.1662006 -120.0 37.024475 -8.854445 82.903625
0.0689000 1.2086000 0.3643000 0.0065000 0.0085000 28 150 300 200 392.3002930 0.1049000 0.3650000 0.0364000 33.1957016 0.0812000 16.1662006 -115.0 37.941513 -8.493322 84.376343
0.0689000 1.2086000 0.3643000 0.0065000 0.0085000 28 150 300 200 392.3002930 0.1049000 0.3650000 0.0364000 33.1957016 0.0812000 16.1662006 -110.0 38.729973 -8.031810 85.491760
0.0689000 1.2086000 0.3643000 0.0065000 0.0085000 28 150 300 200 392.3002930 0.1049000 0.3650000 0.0364000 33.1957016 0.0812000 16.1662006 -105.0 39.433353 -7.357357 86.223816
0.0689000 1.2086000 0.3643000 0.0065000 0.0085000 28 150 300 200 392.3002930 0.1049000 0.3650000 0.0364000 33.1957016 0.0812000 16.1662006 -100.0 40.140316 -6.406611 86.687233
0.0689000 1.2086000 0.3643000 0.0065000 0.0085000 28 150 300 200 392.3002930 0.1049000 0.3650000 0.0364000 33.1957016 0.0812000 16.1662006 -95.0 40.976334 -5.138960 87.091629
0.0689000 1.2086000 0.3643000 0.0065000 0.0085000 28 150 300 200 392.3002930 0.1049000 0.3650000 0.0364000 33.1957016 0.0812000 16.1662006 -90.0 42.091267 -3.507536 87.690315
0.0689000 1.2086000 0.3643000 0.0065000 0.0085000 28 150 300 200 392.3002930 0.1049000 0.3650000 0.0364000 33.1957016 0.0812000 16.1662006 -85.0 43.640942 -1.439715 88.721840
0.0689000 1.2086000 0.3643000 0.0065000 0.0085000 28 150 300 200 392.3002930 0.1049000 0.3650000 0.0364000 33.1957016 0.0812000 16.1662006 -80.0 45.772583 1.180448 90.364487
0.0689000 1.2086000 0.3643000 0.0065000 0.0085000 28 150 300 200 392.3002930 0.1049000 0.3650000 0.0364000 33.1957016 0.0812000 16.1662006 -75.0 48.610950 4.514019 92.707649
0.0689000 1.2086000 0.3643000 0.0065000 0.0085000 28 150 300 200 392.3002930 0.1049000 0.3650000 0.0364000 33.1957016 0.0812000 16.1662006 -70.0 52.251400 8.750056 95.752747
0.0689000 1.2086000 0.3643000 0.0065000 0.0085000 28 150 300 200 392.3002930 0.1049000 0.3650000 0.0364000 33.1957016 0.0812000 16.1662006 -65.0 56.755116 14.065889 99.444336
0.0689000 1.2086000 0.3643000 0.0065000 0.0085000 28 150 300 200 392.3002930 0.1049000 0.3650000 0.0364000 33.1957016 0.0812000 16.1662006 -60.0 62.141937 20.571230 103.712875
0.0689000 1.2086000 0.3643000 0.0065000 0.0085000 28 150 300 200 392.3002930 0.1049000 0.3650000 0.0364000 33.1957016 0.0812000 16.1662006 -55.0 68.384377 28.262495 108.506264
0.0689000 1.2086000 0.3643000 0.0065000 0.0085000 28 150 300 200 392.3002930 0.1049000 0.3650000 0.0364000 33.1957016 0.0812000 16.1662006 -50.0 75.401176 37.007023 113.795334
0.0689000 1.2086000 0.3643000 0.0065000 0.0085000 28 150 300 200 392.3002930 0.1049000 0.3650000 0.0364000 33.1957016 0.0812000 16.1662006 -45.0 83.055634 46.558659 119.552605
0.0689000 1.2086000 0.3643000 0.0065000 0.0085000 28 150 300 200 392.3002930 0.1049000 0.3650000 0.0364000 33.1957016 0.0812000 16.1662006 -40.0 91.158211 56.587334 125.729080
0.0689000 1.2086000 0.3643000 0.0065000 0.0085000 28 150 300 200 392.3002930 0.1049000 0.3650000 0.0364000 33.1957016 0.0812000 16.1662006 -35.0 99.473732 66.707794 132.239441
0.0689000 1.2086000 0.3643000 0.0065000 0.0085000 28 150 300 200 392.3002930 0.1049000 0.3650000 0.0364000 33.1957016 0.0812000 16.1662006 -30.0 107.736443 76.516113 138.956772
0.0689000 1.2086000 0.3643000 0.0065000 0.0085000 28 150 300 200 392.3002930 0.1049000 0.3650000 0.0364000 33.1957016 0.0812000 16.1662006 -25.0 115.679611 85.645195 145.714020
0.0689000 1.2086000 0.3643000 0.0065000 0.0085000 28 150 300 200 392.3002930 0.1049000 0.3650000 0.0364000 33.1957016 0.0812000 16.1662006 -20.0 123.068291 93.822823 152.313766
0.0689000 1.2086000 0.3643000 0.0065000 0.0085000 28 150 300 200 392.3002930 0.1049000 0.3650000 0.0364000 33.1957016 0.0812000 16.1662006 -15.0 129.728989 100.903435 158.554535
0.0689000 1.2086000 0.3643000 0.0065000 0.0085000 28 150 300 200 392.3002930 0.1049000 0.3650000 0.0364000 33.1957016 0.0812000 16.1662006 -10.0 135.561310 106.856682 164.265686
0.0689000 1.2086000 0.3643000 0.0065000 0.0085000 28 150 300 200 392.3002930 0.1049000 0.3650000 0.0364000 33.1957016 0.0812000 16.1662006 -5.0 140.534897 111.735390 169.334396
0.0689000 1.2086000 0.3643000 0.0065000 0.0085000 28 150 300 200 392.3002930 0.1049000 0.3650000 0.0364000 33.1957016 0.0812000 16.1662006 0.0 144.674606 115.640175 173.709045
0.0689000 1.2086000 0.3643000 0.0065000 0.0085000 28 150 300 200 392.3002930 0.1049000 0.3650000 0.0364000 33.1957016 0.0812000 16.1662006 5.0 148.041885 118.693398 177.390366
0.0689000 1.2086000 0.3643000 0.0065000 0.0085000 28 150 300 200 392.3002930 0.1049000 0.3650000 0.0364000 33.1957016 0.0812000 16.1662006 10.0 150.719162 121.021736 180.416580
0.0689000 1.2086000 0.3643000 0.0065000 0.0085000 28 150 300 200 392.3002930 0.1049000 0.3650000 0.0364000 33.1957016 0.0812000 16.1662006 15.0 152.795120 122.742294 182.847687
0.0689000 1.2086000 0.3643000 0.0065000 0.0085000 28 150 300 200 392.3002930 0.1049000 0.3650000 0.0364000 33.1957016 0.0812000 16.1662006 20.0 154.352432 123.954269 184.750610
0.0689000 1.2086000 0.3643000 0.0065000 0.0085000 28 150 300 200 392.3002930 0.1049000 0.3650000 0.0364000 33.1957016 0.0812000 16.1662006 25.0 155.458282 124.730782 186.185806
0.0689000 1.2086000 0.3643000 0.0065000 0.0085000 28 150 300 200 392.3002930 0.1049000 0.3650000 0.0364000 33.1957016 0.0812000 16.1662006 30.0 156.163101 125.120827 187.205383
0.0689000 1.2086000 0.3643000 0.0065000 0.0085000 28 150 300 200 392.3002930 0.1049000 0.3650000 0.0364000 33.1957016 0.0812000 16.1662006 35.0 156.503922 125.146164 187.861679
0.0689000 1.2086000 0.3643000 0.0065000 0.0085000 28 150 300 200 392.3002930 0.1049000 0.3650000 0.0364000 33.1957016 0.0812000 16.1662006 40.0 156.513000 124.807259 188.218491
