C(%) Mn(%) Si(%) S(%) P(%) Ti(ppm) B(ppm) Al(ppm) N(ppm) O(ppm) Cr(%) Ni(%) Mo(%) V(ppm) Cu(%) Nb(ppm) Temp(Curve) Predicted Pred-err Pred+err
0.0689000 1.2086000 0.3643000 0.0065000 0.0085000 250 150 20 200 392.3002930 0.1049000 0.3650000 0.0364000 33.1957016 0.0812000 16.1662006 -120.0 -0.381416 -29.709103 28.946030
0.0689000 1.2086000 0.3643000 0.0065000 0.0085000 250 150 20 200 392.3002930 0.1049000 0.3650000 0.0364000 33.1957016 0.0812000 16.1662006 -115.0 -0.073584 -28.973707 28.826288
0.0689000 1.2086000 0.3643000 0.0065000 0.0085000 250 150 20 200 392.3002930 0.1049000 0.3650000 0.0364000 33.1957016 0.0812000 16.1662006 -110.0 0.650586 -27.979712 29.281105
0.0689000 1.2086000 0.3643000 0.0065000 0.0085000 250 150 20 200 392.3002930 0.1049000 0.3650000 0.0364000 33.1957016 0.0812000 16.1662006 -105.0 1.902467 -26.647045 30.452208
0.0689000 1.2086000 0.3643000 0.0065000 0.0085000 250 150 20 200 392.3002930 0.1049000 0.3650000 0.0364000 33.1957016 0.0812000 16.1662006 -100.0 3.817569 -24.888964 32.524338
0.0689000 1.2086000 0.3643000 0.0065000 0.0085000 250 150 20 200 392.3002930 0.1049000 0.3650000 0.0364000 33.1957016 0.0812000 16.1662006 -95.0 6.542885 -22.574724 35.660736
0.0689000 1.2086000 0.3643000 0.0065000 0.0085000 250 150 20 200 392.3002930 0.1049000 0.3650000 0.0364000 33.1957016 0.0812000 16.1662006 -90.0 10.217992 -19.511456 39.947205
0.0689000 1.2086000 0.3643000 0.0065000 0.0085000 250 150 20 200 392.3002930 0.1049000 0.3650000 0.0364000 33.1957016 0.0812000 16.1662006 -85.0 14.955450 -15.473081 45.384209
0.0689000 1.2086000 0.3643000 0.0065000 0.0085000 250 150 20 200 392.3002930 0.1049000 0.3650000 0.0364000 33.1957016 0.0812000 16.1662006 -80.0 20.831745 -10.265264 51.928989
0.0689000 1.2086000 0.3643000 0.0065000 0.0085000 250 150 20 200 392.3002930 0.1049000 0.3650000 0.0364000 33.1957016 0.0812000 16.1662006 -75.0 27.880089 -3.784540 59.544724
0.0689000 1.2086000 0.3643000 0.0065000 0.0085000 250 150 20 200 392.3002930 0.1049000 0.3650000 0.0364000 33.1957016 0.0812000 16.1662006 -70.0 36.089020 3.964077 68.214211
0.0689000 1.2086000 0.3643000 0.0065000 0.0085000 250 150 20 200 392.3002930 0.1049000 0.3650000 0.0364000 33.1957016 0.0812000 16.1662006 -65.0 45.397835 12.895271 77.900398
0.0689000 1.2086000 0.3643000 0.0065000 0.0085000 250 150 20 200 392.3002930 0.1049000 0.3650000 0.0364000 33.1957016 0.0812000 16.1662006 -60.0 55.689411 22.882599 88.496223
0.0689000 1.2086000 0.3643000 0.0065000 0.0085000 250 150 20 200 392.3002930 0.1049000 0.3650000 0.0364000 33.1957016 0.0812000 16.1662006 -55.0 66.789772 33.778133 99.801643
0.0689000 1.2086000 0.3643000 0.0065000 0.0085000 250 150 20 200 392.3002930 0.1049000 0.3650000 0.0364000 33.1957016 0.0812000 16.1662006 -50.0 78.472328 45.400940 111.543716
0.0689000 1.2086000 0.3643000 0.0065000 0.0085000 250 150 20 200 392.3002930 0.1049000 0.3650000 0.0364000 33.1957016 0.0812000 16.1662006 -45.0 90.464630 57.515850 123.413406
0.0689000 1.2086000 0.3643000 0.0065000 0.0085000 250 150 20 200 392.3002930 0.1049000 0.3650000 0.0364000 33.1957016 0.0812000 16.1662006 -40.0 102.457413 69.818619 135.096451
0.0689000 1.2086000 0.3643000 0.0065000 0.0085000 250 150 20 200 392.3002930 0.1049000 0.3650000 0.0364000 33.1957016 0.0812000 16.1662006 -35.0 114.114876 81.938782 146.290726
0.0689000 1.2086000 0.3643000 0.0065000 0.0085000 250 150 20 200 392.3002930 0.1049000 0.3650000 0.0364000 33.1957016 0.0812000 16.1662006 -30.0 125.098358 93.473640 156.723083
0.0689000 1.2086000 0.3643000 0.0065000 0.0085000 250 150 20 200 392.3002930 0.1049000 0.3650000 0.0364000 33.1957016 0.0812000 16.1662006 -25.0 135.103622 104.041740 166.165253
0.0689000 1.2086000 0.3643000 0.0065000 0.0085000 250 150 20 200 392.3002930 0.1049000 0.3650000 0.0364000 33.1957016 0.0812000 16.1662006 -20.0 143.898102 113.345055 174.450912
0.0689000 1.2086000 0.3643000 0.0065000 0.0085000 250 150 20 200 392.3002930 0.1049000 0.3650000 0.0364000 33.1957016 0.0812000 16.1662006 -15.0 151.346542 121.211983 181.481323
0.0689000 1.2086000 0.3643000 0.0065000 0.0085000 250 150 20 200 392.3002930 0.1049000 0.3650000 0.0364000 33.1957016 0.0812000 16.1662006 -10.0 157.414505 127.606903 187.222107
0.0689000 1.2086000 0.3643000 0.0065000 0.0085000 250 150 20 200 392.3002930 0.1049000 0.3650000 0.0364000 33.1957016 0.0812000 16.1662006 -5.0 162.151718 132.611084 191.692123
0.0689000 1.2086000 0.3643000 0.0065000 0.0085000 250 150 20 200 392.3002930 0.1049000 0.3650000 0.0364000 33.1957016 0.0812000 16.1662006 0.0 165.671005 136.385849 194.956146
0.0689000 1.2086000 0.3643000 0.0065000 0.0085000 250 150 20 200 392.3002930 0.1049000 0.3650000 0.0364000 33.1957016 0.0812000 16.1662006 5.0 168.126480 139.133881 197.119095
0.0689000 1.2086000 0.3643000 0.0065000 0.0085000 250 150 20 200 392.3002930 0.1049000 0.3650000 0.0364000 33.1957016 0.0812000 16.1662006 10.0 169.693604 141.066910 198.320312
0.0689000 1.2086000 0.3643000 0.0065000 0.0085000 250 150 20 200 392.3002930 0.1049000 0.3650000 0.0364000 33.1957016 0.0812000 16.1662006 15.0 170.551147 142.382843 198.719437
0.0689000 1.2086000 0.3643000 0.0065000 0.0085000 250 150 20 200 392.3002930 0.1049000 0.3650000 0.0364000 33.1957016 0.0812000 16.1662006 20.0 170.865417 143.253281 198.477814
0.0689000 1.2086000 0.3643000 0.0065000 0.0085000 250 150 20 200 392.3002930 0.1049000 0.3650000 0.0364000 33.1957016 0.0812000 16.1662006 25.0 170.780579 143.817551 197.743835
0.0689000 1.2086000 0.3643000 0.0065000 0.0085000 250 150 20 200 392.3002930 0.1049000 0.3650000 0.0364000 33.1957016 0.0812000 16.1662006 30.0 170.414429 144.183701 196.645401
0.0689000 1.2086000 0.3643000 0.0065000 0.0085000 250 150 20 200 392.3002930 0.1049000 0.3650000 0.0364000 33.1957016 0.0812000 16.1662006 35.0 169.858994 144.429398 195.288605
0.0689000 1.2086000 0.3643000 0.0065000 0.0085000 250 150 20 200 392.3002930 0.1049000 0.3650000 0.0364000 33.1957016 0.0812000 16.1662006 40.0 169.181671 144.602188 193.760910
