#H S_W[ 1]  S_W[ 2]  S_W[ 3]  S_W[ 4]  S_W[ 5]  S_W[ 6]  S_W[ 7]  S_W[ 8]  S_W[ 9]  S_W[10]  S_W[11]  S_W[12]  S_W[13]  S_W[14]  S_W[15]  S_W[16]  S_W[17]  S_W[18]  S_W[19]  SIGMA_NU D_EN    D_X2 /NDF WX2/k1 WX2/k2 WX2/k3 WX2/k4 WX2/k5 WX2/k6 WX2/k7 WX2/k8 WX2/k9 WX2/k10 WX2/k11 WX2/k12 WX2/k13 WX2/k14 WX2/k15 WX2/k16 WX2/k17 WX2/k18 WX2/k19 GAMMA3 LOGOC3  LOGOCF  SYMS NU T_EN   MT_EB     T_X2   NDF  T_EN 2   MT_E2B   T_X2 2 NDF  EVAB    EVB     EVDENCE EVAB2   FUDGE1  FUDGE2  
16 17       17       17       17       17       17       17       17       17       17       17       17       17       17       17       17       17       17       17       0.3      31.5    700   11413 0.2162 0.5791 0.2435 0.1858 0.3418 1.137  0.6763 0.3592 0.4526 0.2946 0.4996 0.3528 0.1478 0.3891 0.3326 0.363  1.377  0.3302 0.05119 300.7  -23.86  -1144   2    0  31.499   2763.8   700    11413 31.499   2763.8   700    11413 1799.1  1748.9  1743.9  1775.2  0.0051312 2104.6  
16 2.301    2.301    2.301    2.301    2.301    2.301    2.301    2.301    2.301    2.301    2.301    2.301    2.301    2.301    2.301    2.301    2.301    2.301    2.301    0.3      31.5    699.9 11413 11.81  31.62  13.3   10.14  18.66  62.1   36.93  19.61  24.71  16.08  27.28  19.26  8.072  21.24  18.16  19.82  75.18  18.03  2.795  257    -62.14  -534.4  1    0  31.497   2783.7   699.9  11413 31.497   2783.7   699.9  11413 2374.1  2325.4  2320.4  2311.9  0.0047866 1900.6  
16 0.8673   1.351    0.91     0.8892   1.11     1.92     1.484    1.093    1.186    0.9598   1.348    1.089    0.716    1.191    1.101    1.223    2.053    1.16     0.386    0.075145 21.62   7659  11413 112.6  62.09  111.2  87.76  132.3  1076   435.7  169.1  111.2  36.35  51.4   77.21  88.5   68.39  67.77  97.66  141    501.6  252    284.6  265.3   -307.4  1    0  21.624   15169    7659   11413 21.624   15169    7659   11413 14662   14612   14607   14927   0.0020355 8988.5  
16 0.9508   1.071    0.988    0.9212   1.318    6.372    3.154    1.444    1.26     0.5827   1.002    0.9781   0.7139   1.044    0.9547   1.29     2.446    2.787    0.6402   0.062341 19.02   9791  11413 87.04  225.2  90.39  87.64  103.8  387    281.2  72.5   66.08  32.98  73.27  97.7   121.4  322    126.2  265.1  87.53  424.9  164.7  293.1  265.3   -353.9  1    0  19.025   16263    9791   11413 19.025   16263    9791   11413 15727   15677   15672   15993   0.0017668 11160   
16 0.8993   1.617    0.9525   0.9195   1.36     12.57    5.32     1.235    1.027    0.3382   0.8897   0.9739   0.8201   1.964    1.089    2.213    2.291    5.821    0.8472   0.058496 18.49   1.081e+04 11413 160.6  104.5  104.4  197.1  109.2  192.6  169.4  97.06  97.64  85.97  103.5  97.38  61.18  197    88.25  110.7  109.3  171.5  141.2  293.3  265.3   -400.8  1    0  18.489   16494    1.081e+04 11413 18.489   16494    1.081e+04 11413 15956   15906   15901   16222   0.001708 12177   
16 1.161    1.657    0.9893   1.379    1.44     17.48    6.944    1.223    1.019    0.3224   0.9383   0.9678   0.6659   2.839    1.051    2.419    2.399    7.66     1.043    0.057667 18.49   1.112e+04 11413 96.31  99.53  96.76  87.58  97.43  99.62  99.46  98.97  99.19  94.56  93.05  98.62  92.78  94.33  94.77  92.67  99.73  99.03  93.14  295    265.3   -434.6  1    0  18.489   16504    1.112e+04 11413 18.489   16504    1.112e+04 11413 15975   15925   15920   16240   0.001706 12498   
16 1.153    1.657    0.988    1.335    1.438    17.47    6.936    1.223    1.019    0.3234   0.9365   0.9678   0.6692   2.812    1.052    2.416    2.399    7.647    1.037    0.057671 18.49   1.112e+04 11413 97.74  99.56  97.02  93.55  97.73  99.8   99.68  98.95  99.14  93.99  93.41  98.62  91.88  96.12  94.63  92.89  99.73  99.38  94.23  295    265.3   -433.7  1    0  18.489   16504    1.112e+04 11413 18.489   16504    1.112e+04 11413 15975   15925   15920   16240   0.001706 12496   
16 1.153    1.657    0.988    1.337    1.438    17.47    6.936    1.223    1.019    0.3233   0.9365   0.9678   0.6691   2.813    1.052    2.416    2.399    7.647    1.037    0.057671 18.49   1.112e+04 11413 97.71  99.56  97.01  93.19  97.72  99.8   99.68  98.95  99.15  94.03  93.4   98.62  91.91  96.08  94.63  92.89  99.73  99.38  94.2   295    265.3   -433.7  1    0  18.489   16504    1.112e+04 11413 18.489   16504    1.112e+04 11413 15975   15925   15920   16240   0.001706 12496   
16 1.153    1.657    0.988    1.337    1.438    17.47    6.936    1.223    1.019    0.3233   0.9365   0.9678   0.6691   2.813    1.052    2.416    2.399    7.647    1.037    0.057671 18.49   1.112e+04 11413 97.71  99.56  97.01  93.21  97.72  99.8   99.68  98.95  99.15  94.03  93.4   98.62  91.91  96.08  94.63  92.89  99.73  99.38  94.2   295    265.3   -433.7  1    0  18.489   16504    1.112e+04 11413 18.489   16504    1.112e+04 11413 15975   15925   15920   16240   0.001706 12496   

