#H S_W[ 1]  S_W[ 2]  S_W[ 3]  S_W[ 4]  S_W[ 5]  S_W[ 6]  S_W[ 7]  S_W[ 8]  S_W[ 9]  S_W[10]  S_W[11]  S_W[12]  S_W[13]  S_W[14]  S_W[15]  S_W[16]  S_W[17]  S_W[18]  S_W[19]  SIGMA_NU D_EN    D_X2 /NDF WX2/k1 WX2/k2 WX2/k3 WX2/k4 WX2/k5 WX2/k6 WX2/k7 WX2/k8 WX2/k9 WX2/k10 WX2/k11 WX2/k12 WX2/k13 WX2/k14 WX2/k15 WX2/k16 WX2/k17 WX2/k18 WX2/k19 GAMMA3 LOGOC3  LOGOCF  SYMS NU T_EN   MT_EB     T_X2   NDF  T_EN 2   MT_E2B   T_X2 2 NDF  EVAB    EVB     EVDENCE EVAB2   FUDGE1  FUDGE2  
17 17       17       17       17       17       17       17       17       17       17       17       17       17       17       17       17       17       17       17       0.3      26.14   580.9 11413 0.4621 0.4026 0.3206 0.4609 0.342  3.09   0.5366 0.3043 0.5028 0.4719 0.4965 0.517  0.1624 0.4155 0.4558 0.1545 1.602  0.7123 0.4072 320.5  282.7   -1216   2    0  26.138   2813.2   580.9  11413 26.138   2813.2   580.9  11413 1790.6  1739.7  1734.7  2073.3  0.0048178 2078.1  
17 2.301    2.301    2.301    2.301    2.301    3.001    2.301    2.301    2.301    2.301    2.301    2.301    2.301    2.301    2.301    2.301    2.301    2.301    2.301    0.3      26.14   580.8 11413 25.23  21.98  17.51  25.16  18.67  99.14  29.3   16.61  27.45  25.76  27.11  28.23  8.868  22.69  24.89  8.437  87.46  38.89  22.23  278.8  282.7   -572.2  1    0  26.137   2832.3   580.8  11413 26.137   2832.3   580.8  11413 2386.7  2337.3  2332.2  2669.4  0.0044888 1883.3  
17 1.245    1.11     1.026    1.395    1.092    3.161    1.288    0.9892   1.244    1.209    1.279    1.287    0.7214   1.226    1.29     0.8073   2.204    1.687    1.134    0.068519 21.86   9313  11413 210.1  122.1  104    107.2  67.41  306.7  134    111.9  137.5  121.4  73.93  132    121.2  135    89.17  105.7  113.1  309.8  82.74  307.5  282.7   -373.1  1    0  21.862   15409    9313   11413 21.862   15409    9313   11413 14902   14851   14846   15185   0.002042 10750   
17 1.84     1.238    1.068    1.511    0.9174   5.606    1.499    1.061    1.466    1.342    1.12     1.495    0.8134   1.484    1.27     0.9451   2.347    3.093    1.075    0.062747 20.08   1.02e+04 11413 86.12  92.64  152.1  104.9  52.19  174.1  88.26  74.34  112.1  31.41  122.3  119.8  114.6  161.9  91.55  50.31  90.16  212.4  173.5  309.8  282.7   -417.2  1    0  20.081   15986    1.02e+04 11413 20.081   15986    1.02e+04 11413 15459   15408   15403   15742   0.0018663 11647   
17 1.722    1.198    1.338    1.588    0.6791   7.438    1.412    0.9235   1.557    0.7539   1.277    1.658    0.8953   1.948    1.263    0.7349   2.231    4.571    1.541    0.060142 18.3    1.012e+04 11413 73.76  134.1  84.68  56.12  83.02  169.9  114.5  112.6  99.25  123.9  93.53  91.2   143.6  178.7  113.7  191.8  118.9  170.4  61.57  309.8  282.7   -425.8  1    0  18.295   16511    1.012e+04 11413 18.295   16511    1.012e+04 11413 15968   15917   15912   16250   0.0017012 11563   
17 1.49     1.397    1.244    1.223    0.6434   9.749    1.515    0.9914   1.557    0.8463   1.27     1.614    1.105    2.649    1.397    1.136    2.436    6.018    1.286    0.057406 18.3    1.11e+04 11413 98.46  98.63  97.99  94.53  92.5   98.88  99.4   97.71  99.35  98.36  94.47  96.22  94.26  96.64  92.87  80.22  99.75  98.36  88.34  311.2  282.7   -448.6  1    0  18.295   16561    1.11e+04 11413 18.295   16561    1.11e+04 11413 16016   15966   15961   16299   0.0016929 12557   
17 1.493    1.393    1.244    1.239    0.6438   9.726    1.514    0.9891   1.556    0.8444   1.269    1.613    1.095    2.628    1.394    1.097    2.435    5.998    1.293    0.05741  18.3    1.11e+04 11413 98.13  99.1   97.87  92.13  92.38  99.34  99.52  98.17  99.4   98.8   94.7   96.28  95.98  98.17  93.32  86.08  99.81  99.01  87.4   311.2  282.7   -447.8  1    0  18.295   16561    1.11e+04 11413 18.295   16561    1.11e+04 11413 16016   15966   15961   16299   0.0016929 12555   
17 1.493    1.393    1.244    1.238    0.6438   9.726    1.514    0.9891   1.556    0.8444   1.269    1.613    1.095    2.629    1.394    1.099    2.435    5.998    1.293    0.05741  18.3    1.11e+04 11413 98.13  99.1   97.87  92.3   92.39  99.34  99.52  98.16  99.4   98.79  94.69  96.28  95.93  98.15  93.31  85.72  99.81  99.01  87.43  311.2  282.7   -447.9  1    0  18.295   16561    1.11e+04 11413 18.295   16561    1.11e+04 11413 16016   15966   15961   16299   0.0016929 12555   
17 1.493    1.393    1.244    1.238    0.6438   9.726    1.514    0.9891   1.556    0.8444   1.269    1.613    1.095    2.629    1.394    1.099    2.435    5.998    1.293    0.05741  18.3    1.11e+04 11413 98.13  99.1   97.87  92.28  92.39  99.34  99.52  98.16  99.4   98.79  94.69  96.28  95.93  98.15  93.32  85.74  99.81  99     87.43  311.2  282.7   -447.8  1    0  18.295   16561    1.11e+04 11413 18.295   16561    1.11e+04 11413 16016   15966   15961   16299   0.0016929 12555   

