#H S_W[ 1]  S_W[ 2]  S_W[ 3]  S_W[ 4]  S_W[ 5]  S_W[ 6]  S_W[ 7]  S_W[ 8]  S_W[ 9]  S_W[10]  S_W[11]  S_W[12]  S_W[13]  S_W[14]  S_W[15]  S_W[16]  S_W[17]  S_W[18]  S_W[19]  SIGMA_NU D_EN    D_X2 /NDF WX2/k1 WX2/k2 WX2/k3 WX2/k4 WX2/k5 WX2/k6 WX2/k7 WX2/k8 WX2/k9 WX2/k10 WX2/k11 WX2/k12 WX2/k13 WX2/k14 WX2/k15 WX2/k16 WX2/k17 WX2/k18 WX2/k19 GAMMA3 LOGOC3  LOGOCF  SYMS NU T_EN   MT_EB     T_X2   NDF  T_EN 2   MT_E2B   T_X2 2 NDF  EVAB    EVB     EVDENCE EVAB2   FUDGE1  FUDGE2  
18 17       17       17       17       17       17       17       17       17       17       17       17       17       17       17       17       17       17       17       0.3      26.71   593.5 11413 0.4038 0.8572 0.3603 0.9318 0.5368 4.098  1.865  1.153  0.8846 1.182  0.3052 0.5365 0.3733 0.6663 0.8122 0.4339 3.061  2.177  0.1611 329.9  123.5   -1287   1    0  26.706   2802.8   593.5  11413 26.706   2802.8   593.5  11413 1716.4  1665.3  1660.2  1839.8  0.0049413 2134.4  
18 2.301    2.301    2.301    2.301    2.301    3.537    2.385    2.301    2.301    2.301    2.301    2.301    2.301    2.301    2.301    2.301    2.987    2.601    2.301    0.3      26.71   593.5 11413 22.05  46.8   19.67  50.88  29.31  94.68  94.81  62.95  48.3   64.53  16.66  29.29  20.38  36.38  44.35  23.69  99.14  92.99  8.794  269.3  54.89   -616.3  1    0  26.706   2830.4   593.5  11413 26.706   2830.4   593.5  11413 2307.4  2258.3  2253.3  2362.3  0.0044637 1851.5  
18 1.239    1.698    1.166    2.252    1.476    3.664    2.541    2.065    1.712    2.005    1.037    1.372    1.149    1.652    1.76     1.403    3.13     3.083    0.7051   0.069231 26.71   1.114e+04 11413 76.01  85.93  76.61  53.08  71.19  88.21  83.51  78.15  87.24  84.95  81.97  82.32  81.73  70.53  75.75  63.7   90.32  66.17  93.61  315.9  300.2   -496.7  1    0  26.705   14395    1.114e+04 11413 26.705   14395    1.114e+04 11413 13834   13783   13778   14134   0.0024726 12619   
18 1.138    1.617    1.081    1.734    1.314    3.525    2.393    1.894    1.648    1.908    0.9845   1.292    1.084    1.462    1.573    1.239    2.991    2.595    0.7129   0.069376 19.6    8143  11413 153.4  124.6  159.2  92.37  60.22  375.5  70.38  150.6  179.1  44.12  128.2  116.5  55.15  45.85  84.04  112.9  104.2  298.5  61.46  329.4  300.2   -468    1    0  19.595   15838    8143   11413 19.595   15838    8143   11413 15256   15205   15200   15557   0.0018558 9681    
18 1.454    1.82     1.408    1.751    1.05     6.923    2.014    2.346    2.23     1.273    1.14     1.413    0.824    1.012    1.477    1.401    3.062    4.584    0.5637   0.059463 18.33   1.037e+04 11413 168.8  68.51  109.3  209.2  118.2  261.2  250.2  113.3  176.4  95     74.93  131.7  92.61  335.7  134    90.15  107.2  220.1  80.4   334.4  300.2   -486.4  1    0  18.326   16517    1.037e+04 11413 18.326   16517    1.037e+04 11413 15848   15797   15792   16148   0.0017093 11928   
18 1.913    1.511    1.49     2.625    1.175    11.25    3.202    2.509    2.976    1.248    0.9971   1.633    0.8083   1.906    1.747    1.366    3.176    6.851    0.5066   0.057519 15.83   9572  11413 117.4  130.8  141.2  73.53  45.94  324    76.36  68.72  50.62  92.73  107.1  76.67  162.2  149.9  146.3  178.4  104.7  223.3  130.7  335.4  300.2   -541.2  1    0  15.835   17282    9572   11413 15.835   17282    9572   11413 16608   16557   16552   16909   0.0014846 11139   
18 2.088    1.735    1.79     2.291    0.8134   20.31    2.803    2.085    2.121    1.209    1.044    1.437    1.055    2.351    2.145    1.912    3.253    10.28    0.5939   0.053468 15.83   1.108e+04 11413 98.56  99.13  97.91  96.51  95.83  99.39  99.65  99.46  99.7   98.86  97.77  98.99  95.24  98.53  97.06  91.1   99.75  99.24  95.15  336.5  300.2   -565.3  1    0  15.835   17383    1.108e+04 11413 15.835   17383    1.108e+04 11413 16714   16663   16658   17014   0.0014717 12649   
18 2.084    1.733    1.782    2.297    0.8257   20.27    2.804    2.087    2.123    1.208    1.041    1.438    1.043    2.343    2.132    1.881    3.253    10.26    0.5935   0.053471 15.83   1.108e+04 11413 98.94  99.41  98.71  96.07  93     99.78  99.6   99.32  99.48  98.94  98.2   98.86  97.4   99.14  98.24  94.12  99.79  99.64  95.28  336.5  300.2   -564.7  1    0  15.835   17383    1.108e+04 11413 15.835   17383    1.108e+04 11413 16714   16663   16658   17014   0.0014717 12648   
18 2.084    1.733    1.782    2.296    0.825    20.27    2.804    2.087    2.123    1.208    1.042    1.438    1.043    2.343    2.132    1.882    3.253    10.26    0.5935   0.053471 15.83   1.108e+04 11413 98.93  99.41  98.7   96.09  93.17  99.78  99.6   99.32  99.48  98.94  98.19  98.86  97.35  99.14  98.22  94.02  99.79  99.64  95.28  336.5  300.2   -564.7  1    0  15.835   17383    1.108e+04 11413 15.835   17383    1.108e+04 11413 16714   16663   16658   17014   0.0014717 12648   

