#H S_W[ 1]  S_W[ 2]  S_W[ 3]  S_W[ 4]  S_W[ 5]  S_W[ 6]  S_W[ 7]  S_W[ 8]  S_W[ 9]  S_W[10]  S_W[11]  S_W[12]  S_W[13]  S_W[14]  S_W[15]  S_W[16]  S_W[17]  S_W[18]  S_W[19]  SIGMA_NU D_EN    D_X2 /NDF WX2/k1 WX2/k2 WX2/k3 WX2/k4 WX2/k5 WX2/k6 WX2/k7 WX2/k8 WX2/k9 WX2/k10 WX2/k11 WX2/k12 WX2/k13 WX2/k14 WX2/k15 WX2/k16 WX2/k17 WX2/k18 WX2/k19 GAMMA3 LOGOC3  LOGOCF  SYMS NU T_EN   MT_EB     T_X2   NDF  T_EN 2   MT_E2B   T_X2 2 NDF  EVAB    EVB     EVDENCE EVAB2   FUDGE1  FUDGE2  
18 17       17       17       17       17       17       17       17       17       17       17       17       17       17       17       17       17       17       17       0.3      29.5    655.6 11413 0.2954 0.6503 0.3468 0.3192 0.3877 0.8852 0.5584 0.3351 0.5465 0.1497 0.3708 0.5839 0.2172 0.2056 0.4343 0.4055 2.054  0.3147 0.07566 329.2  64.85   -1287   8    0  29.502   2772.3   655.6  11413 29.502   2772.3   655.6  11413 1684.3  1633.2  1628.2  1749.1  0.0051807 2193.2  
18 2.301    2.301    2.301    2.301    2.301    2.301    2.301    2.301    2.301    2.301    2.301    2.301    2.301    2.301    2.301    2.301    2.452    2.301    2.301    0.3      29.5    655.6 11413 16.13  35.51  18.94  17.43  21.17  48.33  30.49  18.29  29.84  8.174  20.24  31.88  11.86  11.22  23.71  22.14  98.75  17.18  4.131  268.1  -10.72  -602.1  1    0  29.501   2800.2   655.6  11413 29.501   2800.2   655.6  11413 2328.3  2279.3  2274.2  2317.6  0.0046989 1907.8  
18 1.042    1.494    1.12     1.231    1.225    1.765    1.377    1.112    1.364    0.6993   1.193    1.452    0.9077   0.9027   1.332    1.358    2.621    1.179    0.4766   0.072761 21.08   7962  11413 92.23  112.2  170    72.31  206.4  755.2  612.9  162.4  115.8  253.4  93.58  127.9  82.64  226    118.2  50.56  102    510.2  119.5  316.8  300.2   -372.8  1    0  21.077   15381    7962   11413 21.077   15381    7962   11413 14757   14706   14701   15057   0.0019937 9442    
18 1.041    1.6      1.509    1.148    1.844    4.924    3.487    1.451    1.481    1.147    1.225    1.661    0.8554   1.459    1.542    1.052    2.651    2.929    0.5347   0.061635 21.08   1.11e+04 11413 92.52  97.85  93.59  83.15  91.05  96.98  95.57  95.45  98.16  94.25  88.79  97.77  93.06  86.55  88.3   84.27  99.6   82.69  94.93  325.5  300.2   -463.2  1    0  21.077   15746    1.11e+04 11413 21.077   15746    1.11e+04 11413 15194   15143   15138   15494   0.0019551 12617   
18 1.033    1.595    1.482    1.141    1.792    4.86     3.421    1.433    1.477    1.124    1.218    1.654    0.8516   1.399    1.531    1.071    2.65     2.709    0.5323   0.06166  18.72   9847  11413 116    92.87  55.49  144.3  78.38  335.1  250.2  106.6  100.7  37.69  111.9  146.1  108    151.1  104.3  129.2  103.9  386.1  72.53  328.9  300.2   -458.5  1    0  18.719   16352    9847   11413 18.719   16352    9847   11413 15740   15689   15684   16040   0.0017497 11384   
18 1.136    1.545    1.114    1.456    1.6      8.961    5.43     1.49     1.49     0.6931   1.317    2.013    0.9236   1.762    1.628    1.332    2.705    5.421    0.4659   0.058118 17.66   1.045e+04 11413 139.5  148.2  125.9  181.6  99.43  185.3  70.95  103.8  129.7  69.53  101.3  162.7  66.34  245.9  101.1  151.6  121.5  156.9  89.54  328.9  300.2   -494.3  1    0  17.655   16734    1.045e+04 11413 17.655   16734    1.045e+04 11413 16092   16041   16036   16392   0.0016443 11990   
18 1.373    1.892    1.277    2.064    1.618    12.27    4.58     1.529    1.705    0.5849   1.345    2.582    0.7845   2.834    1.703    1.768    2.985    6.845    0.4634   0.056442 17.66   1.108e+04 11413 95.52  98.85  95.94  90.34  97.29  98.79  99.75  98.63  98.97  97.63  97.26  98.94  91.96  95.07  92.39  86.13  99.77  98.38  90.53  331.2  300.2   -534.9  1    0  17.655   16761    1.108e+04 11413 17.655   16761    1.108e+04 11413 16127   16076   16071   16427   0.0016394 12631   
18 1.363    1.889    1.27     2.016    1.617    12.24    4.582    1.528    1.703    0.5873   1.343    2.577    0.7877   2.795    1.701    1.742    2.984    6.828    0.4638   0.056447 17.66   1.108e+04 11413 96.79  99.23  96.99  94.74  97.43  99.28  99.67  98.73  99.23  96.84  97.48  99.36  91.21  97.78  92.62  88.68  99.82  98.87  90.38  331.2  300.2   -533.7  1    0  17.655   16761    1.108e+04 11413 17.655   16761    1.108e+04 11413 16127   16076   16071   16427   0.0016394 12629   
18 1.364    1.889    1.27     2.018    1.617    12.24    4.582    1.528    1.703    0.5872   1.343    2.577    0.7876   2.796    1.701    1.743    2.984    6.828    0.4637   0.056447 17.66   1.108e+04 11413 96.76  99.23  96.95  94.52  97.43  99.28  99.67  98.73  99.23  96.86  97.47  99.36  91.23  97.72  92.61  88.57  99.82  98.86  90.39  331.2  300.2   -533.7  1    0  17.655   16761    1.108e+04 11413 17.655   16761    1.108e+04 11413 16127   16076   16071   16427   0.0016394 12629   

