#H S_W[ 1]  S_W[ 2]  S_W[ 3]  S_W[ 4]  S_W[ 5]  S_W[ 6]  S_W[ 7]  S_W[ 8]  S_W[ 9]  S_W[10]  S_W[11]  S_W[12]  S_W[13]  S_W[14]  S_W[15]  S_W[16]  S_W[17]  S_W[18]  S_W[19]  SIGMA_NU D_EN    D_X2 /NDF WX2/k1 WX2/k2 WX2/k3 WX2/k4 WX2/k5 WX2/k6 WX2/k7 WX2/k8 WX2/k9 WX2/k10 WX2/k11 WX2/k12 WX2/k13 WX2/k14 WX2/k15 WX2/k16 WX2/k17 WX2/k18 WX2/k19 GAMMA3 LOGOC3  LOGOCF  SYMS NU T_EN   MT_EB     T_X2   NDF  T_EN 2   MT_E2B   T_X2 2 NDF  EVAB    EVB     EVDENCE EVAB2   FUDGE1  FUDGE2  
19 17       17       17       17       17       17       17       17       17       17       17       17       17       17       17       17       17       17       17       0.3      28.22   627.2 11413 0.3284 0.4958 0.4085 0.3452 0.2153 1.088  0.4588 0.4383 0.7633 0.4072 0.2646 0.4599 0.1891 0.2605 0.4166 0.3978 2.04   0.5945 0.09865 358    -17.52  -1358   16   0  28.224   2773.3   627.2  11413 28.224   2773.3   627.2  11413 1630    1578.1  1573.1  1612.5  0.0052963 2299.6  
19 2.301    2.301    2.301    2.301    2.301    2.301    2.301    2.301    2.301    2.301    2.301    2.301    2.301    2.301    2.301    2.301    2.431    2.301    2.301    0.3      28.22   627.2 11413 17.93  27.07  22.3   18.85  11.75  59.42  25.05  23.93  41.68  22.23  14.45  25.11  10.32  14.22  22.75  21.72  99.74  32.46  5.386  304.4  317.7   -635.3  1    0  28.223   2797.6   627.2  11413 28.223   2797.6   627.2  11413 2307.6  2257.3  2252.3  2625.2  0.0048736 2049.2  
19 1.059    1.252    1.185    1.238    0.8803   1.894    1.204    1.223    1.577    1.131    0.934    1.234    0.7931   0.9854   1.212    1.306    2.516    1.576    0.5443   0.071284 28.22   1.111e+04 11413 84.58  91.36  84.02  65.13  80.28  87.72  91.47  84.72  88.72  91.98  87.66  87.22  86.89  77.54  81.9   67.43  93.13  69.2   96.24  337.4  317.7   -394.1  1    0  28.223   14070    1.111e+04 11413 28.223   14070    1.111e+04 11413 13607   13556   13551   13924   0.0026231 12684   
19 1.004    1.212    1.117    1.083    0.8369   1.792    1.167    1.158    1.502    1.101    0.9023   1.177    0.7744   0.9241   1.145    1.183    2.435    1.382    0.5525   0.071389 19.27   7561  11413 103.1  115.1  90.07  135.4  99.33  1068   228.8  138.9  68.53  109    87.85  221.3  83.29  89.32  83.43  85.27  95.85  549.7  175.2  343.7  317.7   -374.7  1    0  19.266   15791    7561   11413 19.266   15791    7561   11413 15190   15138   15133   15508   0.0018415 9166    
19 1.045    1.309    1.08     1.35     0.8672   5.987    1.779    1.385    1.249    1.158    0.8613   1.774    0.7318   0.9086   1.077    1.167    2.388    3.391    0.7599   0.059    17.31   9945  11413 91.46  140.6  187    247    195.6  302.9  111.2  130.2  94.57  148.3  111.6  129.9  114.2  96.21  167.1  130.8  126.8  271.9  242.7  351.3  317.7   -440.1  1    0  17.309   16808    9945   11413 17.309   16808    9945   11413 16163   16112   16107   16481   0.0016238 11586   
19 1.016    1.56     1.502    2.206    1.248    10.48    1.882    1.59     1.22     1.418    0.922    2.032    0.8017   0.9148   1.405    1.372    2.693    5.633    1.236    0.055942 17.31   1.106e+04 11413 96.66  99.14  96.58  92.55  94.38  98.94  99.39  98.87  99.12  98.84  97.39  99.08  95.2   94.92  98.26  94.7   99.68  98.52  91.74  354.9  317.7   -518.6  1    0  17.309   16873    1.106e+04 11413 17.309   16873    1.106e+04 11413 16248   16196   16191   16566   0.0016139 12720   
19 1.016    1.558    1.489    2.158    1.23     10.44    1.881    1.587    1.22     1.416    0.9201   2.03     0.7976   0.9132   1.399    1.361    2.692    5.607    1.213    0.055952 17.31   1.106e+04 11413 96.62  99.39  98.27  96.72  97.25  99.65  99.48  99.13  99.12  99.15  97.8   99.32  96.18  95.25  99.05  96.32  99.76  99.45  95.19  354.9  317.7   -516.7  1    0  17.309   16873    1.106e+04 11413 17.309   16873    1.106e+04 11413 16248   16196   16191   16566   0.001614 12716   
19 1.016    1.558    1.489    2.159    1.23     10.44    1.881    1.587    1.22     1.416    0.9201   2.03     0.7977   0.9132   1.399    1.361    2.692    5.607    1.214    0.055952 17.31   1.106e+04 11413 96.63  99.4   98.25  96.6   97.18  99.64  99.48  99.13  99.12  99.15  97.79  99.32  96.15  95.24  99.04  96.26  99.76  99.45  95.09  354.9  317.7   -516.8  1    0  17.309   16873    1.106e+04 11413 17.309   16873    1.106e+04 11413 16248   16196   16191   16566   0.001614 12716   
19 1.016    1.558    1.489    2.159    1.23     10.44    1.881    1.587    1.22     1.416    0.9201   2.03     0.7977   0.9132   1.399    1.361    2.692    5.607    1.214    0.055952 17.31   1.106e+04 11413 96.63  99.4   98.25  96.6   97.18  99.64  99.48  99.13  99.12  99.15  97.79  99.32  96.15  95.24  99.04  96.27  99.76  99.45  95.1   354.9  317.7   -516.8  1    0  17.309   16873    1.106e+04 11413 17.309   16873    1.106e+04 11413 16248   16196   16191   16566   0.001614 12716   

