#H S_W[ 1]  S_W[ 2]  S_W[ 3]  S_W[ 4]  S_W[ 5]  S_W[ 6]  S_W[ 7]  S_W[ 8]  S_W[ 9]  S_W[10]  S_W[11]  S_W[12]  S_W[13]  S_W[14]  S_W[15]  S_W[16]  S_W[17]  S_W[18]  S_W[19]  SIGMA_NU D_EN    D_X2 /NDF WX2/k1 WX2/k2 WX2/k3 WX2/k4 WX2/k5 WX2/k6 WX2/k7 WX2/k8 WX2/k9 WX2/k10 WX2/k11 WX2/k12 WX2/k13 WX2/k14 WX2/k15 WX2/k16 WX2/k17 WX2/k18 WX2/k19 GAMMA3 LOGOC3  LOGOCF  SYMS NU T_EN   MT_EB     T_X2   NDF  T_EN 2   MT_E2B   T_X2 2 NDF  EVAB    EVB     EVDENCE EVAB2   FUDGE1  FUDGE2  
19 17       17       17       17       17       17       17       17       17       17       17       17       17       17       17       17       17       17       17       0.3      32.21   715.7 11413 0.1566 0.5165 0.2321 0.1147 0.1414 0.5963 0.428  0.218  0.543  0.1219 0.1562 0.4556 0.1343 0.1491 0.4016 0.3736 1.601  0.1504 0.1138 341.5  162.7   -1358   720  0  32.205   2737.6   715.7  11413 32.205   2737.6   715.7  11413 1582.3  1530.8  1525.8  1745    0.0055145 2310.7  
19 2.301    2.301    2.301    2.301    2.301    2.301    2.301    2.301    2.301    2.301    2.301    2.301    2.301    2.301    2.301    2.301    2.301    2.301    2.301    0.3      32.2    715.6 11413 8.548  28.2   12.67  6.262  7.721  32.55  23.37  11.9   29.65  6.657  8.528  24.87  7.33   8.142  21.93  20.4   87.43  8.21   6.212  264    57.68   -634.3  1    0  32.202   2772.7   715.6  11413 32.202   2772.7   715.6  11413 2279.2  2230.3  2225.3  2336.9  0.0049034 1948.8  
19 0.7923   1.384    0.9418   0.7737   0.7726   1.511    1.232    0.8999   1.415    0.6482   0.7932   1.346    0.7416   0.814    1.355    1.341    2.349    0.8565   0.5983   0.076005 19.96   6910  11413 125.9  81.93  60.1   90.93  85.81  648.1  149.7  97.45  74.23  232.7  118.6  120    80.86  135.8  55.05  43.16  133.5  839.2  120.2  329.9  317.7   -337.7  1    0  19.96    15394    6910   11413 19.96    15394    6910   11413 14869   14818   14813   15187   0.0019159 8451.6  
19 0.9415   1.265    0.7513   0.8389   0.7628   3.927    1.531    0.9074   1.228    1.015    0.9302   1.496    0.7163   1.035    1.042    0.9528   2.723    2.83     0.6792   0.060016 18.75   1.041e+04 11413 133.4  99.85  163.2  94.04  99.83  179.6  147.8  153.7  92.17  93.3   101.2  188.4  87.94  97.18  125.3  84.33  101.5  157.5  123    342.4  317.7   -390    1    0  18.75    16385    1.041e+04 11413 18.75    16385    1.041e+04 11413 15854   15803   15798   16172   0.0017509 12011   
19 1.116    1.271    0.9863   0.8902   0.7932   5.288    1.874    1.14     1.186    0.9868   0.9712   2.071    0.6901   1.075    1.212    0.963    2.749    3.593    0.7857   0.058201 18.75   1.107e+04 11413 94.88  98.85  94.73  83.51  92.35  99.02  98.69  97.43  98.76  98.62  92.82  98.32  94.75  90.09  92.55  82.56  99.59  97.63  91.91  344.9  317.7   -430.7  1    0  18.75    16414    1.107e+04 11413 18.75    16414    1.107e+04 11413 15884   15833   15828   16202   0.0017452 12682   
19 1.108    1.271    0.975    0.8807   0.7899   5.277    1.87     1.134    1.187    0.9869   0.969    2.063    0.6905   1.072    1.205    0.9612   2.749    3.578    0.7811   0.058208 18.75   1.107e+04 11413 96.36  98.91  96.93  85.34  93.11  99.41  99.13  98.4   98.69  98.6   93.26  99.13  94.63  90.63  93.66  82.87  99.6   98.46  93.01  344.8  317.7   -429.4  1    0  18.75    16414    1.107e+04 11413 18.75    16414    1.107e+04 11413 15884   15833   15828   16202   0.0017452 12679   
19 1.108    1.271    0.9753   0.8818   0.7901   5.277    1.87     1.134    1.187    0.9869   0.9691   2.063    0.6905   1.072    1.205    0.9613   2.749    3.578    0.7812   0.058207 18.75   1.107e+04 11413 96.31  98.91  96.86  85.11  93.07  99.41  99.13  98.39  98.69  98.6   93.24  99.12  94.64  90.61  93.63  82.85  99.6   98.46  92.97  344.8  317.7   -429.4  1    0  18.75    16414    1.107e+04 11413 18.75    16414    1.107e+04 11413 15884   15833   15828   16202   0.0017452 12679   
19 1.108    1.271    0.9753   0.8817   0.7901   5.277    1.87     1.134    1.187    0.9869   0.9691   2.063    0.6905   1.072    1.205    0.9613   2.749    3.578    0.7812   0.058208 18.75   1.107e+04 11413 96.31  98.91  96.87  85.14  93.07  99.41  99.13  98.39  98.69  98.6   93.24  99.12  94.64  90.61  93.63  82.85  99.6   98.46  92.97  344.8  317.7   -429.4  1    0  18.75    16414    1.107e+04 11413 18.75    16414    1.107e+04 11413 15884   15833   15828   16202   0.0017452 12679   
19 1.108    1.271    0.9753   0.8817   0.7901   5.277    1.87     1.134    1.187    0.9869   0.9691   2.063    0.6905   1.072    1.205    0.9613   2.749    3.578    0.7812   0.058208 18.75   1.107e+04 11413 96.31  98.91  96.87  85.13  93.07  99.41  99.13  98.39  98.69  98.6   93.24  99.12  94.64  90.61  93.63  82.85  99.6   98.46  92.97  344.8  317.7   -429.4  1    0  18.75    16414    1.107e+04 11413 18.75    16414    1.107e+04 11413 15884   15833   15828   16202   0.0017452 12679   

