#H S_W[ 1]  S_W[ 2]  S_W[ 3]  S_W[ 4]  S_W[ 5]  S_W[ 6]  S_W[ 7]  S_W[ 8]  S_W[ 9]  S_W[10]  S_W[11]  S_W[12]  S_W[13]  S_W[14]  S_W[15]  S_W[16]  S_W[17]  S_W[18]  S_W[19]  SIGMA_NU D_EN    D_X2 /NDF WX2/k1 WX2/k2 WX2/k3 WX2/k4 WX2/k5 WX2/k6 WX2/k7 WX2/k8 WX2/k9 WX2/k10 WX2/k11 WX2/k12 WX2/k13 WX2/k14 WX2/k15 WX2/k16 WX2/k17 WX2/k18 WX2/k19 GAMMA3 LOGOC3  LOGOCF  SYMS NU T_EN   MT_EB     T_X2   NDF  T_EN 2   MT_E2B   T_X2 2 NDF  EVAB    EVB     EVDENCE EVAB2   FUDGE1  FUDGE2  
20 17       17       17       17       17       17       17       17       17       17       17       17       17       17       17       17       17       17       17       0.3      27.9    620.1 11413 0.1546 0.2963 0.2038 0.2952 0.2518 0.4803 0.4752 0.2931 0.4137 0.1744 0.2463 0.2849 0.1101 0.07926 0.2655 0.2965 1.523  0.311  0.2809 375.4  335.1   -1430   2560 0  27.905   2769     620.1  11413 27.905   2769     620.1  11413 1561.2  1508.8  1503.8  1896.3  0.0054052 2373.6  
20 2.301    2.301    2.301    2.301    2.301    2.301    2.301    2.301    2.301    2.301    2.301    2.301    2.301    2.301    2.301    2.301    2.301    2.301    2.301    0.3      27.9    620.1 11413 8.441  16.18  11.13  16.12  13.75  26.23  25.94  16     22.59  9.523  13.45  15.56  6.011  4.328  14.49  16.19  83.16  16.98  15.34  318.4  335.1   -667.6  1    0  27.904   2794.8   620.1  11413 27.904   2794.8   620.1  11413 2296.5  2245.7  2240.7  2631.6  0.0049559 2107.5  
20 0.723    0.9665   0.8247   1.112    0.9534   1.251    1.247    1.006    1.153    0.7416   0.923    0.9674   0.616    0.5372   0.9958   1.111    2.227    1.125    0.9452   0.070924 27.9    1.109e+04 11413 85.47  91.66  86.62  68.94  80.06  88.74  88.38  83.71  90.02  91.66  83.55  87.98  83.83  79.39  77.37  69.46  88.78  71.02  90.87  343.6  335.1   -340.9  1    0  27.903   14132    1.109e+04 11413 27.903   14132    1.109e+04 11413 13721   13670   13665   14057   0.0025963 12699   
20 0.7077   0.945    0.8022   1.004    0.9032   1.202    1.198    0.9701   1.115    0.7343   0.8872   0.9383   0.6141   0.5449   0.9425   1.021    2.115    1.028    0.9307   0.071004 22.49   8921  11413 105.2  193.6  220.5  210.5  79.71  159.8  123.2  190.8  83.64  121.5  148.7  129.3  72.23  205.4  153.9  143    109.6  154.3  78.14  364.4  335.1   -326.1  1    0  22.487   15174    8921   11413 22.487   15174    8921   11413 14701   14649   14644   15036   0.0021313 10623   
20 0.7451   1.327    1.218    1.535    0.8257   1.529    1.336    1.362    1.025    0.8168   1.102    1.076    0.5395   0.8288   1.199    1.286    2.218    1.336    0.8323   0.063801 18.16   8925  11413 141.9  52.81  100.5  83.49  140.3  964.9  84.95  53.13  108    74.5   84.26  80.6   122.5  67.18  119.9  89.53  99.85  368.1  141.5  368.4  335.1   -389.3  1    0  18.164   16405    8925   11413 18.164   16405    8925   11413 15827   15775   15770   16162   0.0017229 10645   
20 0.9068   0.9669   1.23     1.431    1.003    4.798    1.234    0.9964   1.069    0.7094   1.021    0.9712   0.6201   0.6975   1.332    1.278    2.219    2.642    1.035    0.057351 16.21   9854  11413 65.2   169.6  103.9  98.77  106.2  241.6  330.3  147.3  134.4  56.86  89.8   141.3  151.6  251.8  164.9  122.5  142.3  165.2  59.31  369.7  335.1   -418.6  1    0  16.206   17173    9854   11413 16.206   17173    9854   11413 16573   16521   16516   16908   0.0015265 11581   
20 0.7441   1.267    1.265    1.456    1.053    7.481    2.26     1.221    1.246    0.5395   0.981    1.163    0.7824   1.158    1.75     1.481    2.652    3.428    0.807    0.054175 16.21   1.104e+04 11413 96.83  98.77  98.26  95.47  96.35  99.37  98.57  98.19  99.02  98.33  97.21  98.59  95.21  91.41  95.61  91.25  99.61  98.14  97.6   372.4  335.1   -474.1  1    0  16.206   17245    1.104e+04 11413 16.206   17245    1.104e+04 11413 16663   16610   16605   16998   0.0015157 12783   
20 0.7478   1.263    1.263    1.452    1.049    7.468    2.249    1.216    1.244    0.5418   0.9807   1.16     0.7745   1.125    1.736    1.465    2.651    3.415    0.8114   0.054182 16.21   1.104e+04 11413 95.87  99.31  98.51  96.01  96.95  99.71  99.54  98.89  99.33  97.47  97.27  99.09  97.15  96.78  97.16  93.19  99.72  98.9   96.52  372.4  335.1   -472.7  1    0  16.206   17245    1.104e+04 11413 16.206   17245    1.104e+04 11413 16663   16610   16605   16998   0.0015157 12780   
20 0.7477   1.263    1.263    1.452    1.05     7.468    2.249    1.216    1.244    0.5418   0.9807   1.16     0.7747   1.126    1.736    1.466    2.651    3.415    0.8113   0.054182 16.21   1.104e+04 11413 95.9   99.31  98.51  95.99  96.93  99.71  99.53  98.88  99.32  97.49  97.26  99.08  97.1   96.6   97.13  93.09  99.72  98.89  96.56  372.4  335.1   -472.7  1    0  16.206   17245    1.104e+04 11413 16.206   17245    1.104e+04 11413 16663   16610   16605   16998   0.0015157 12780   

