#H S_W[ 1]  S_W[ 2]  S_W[ 3]  S_W[ 4]  S_W[ 5]  S_W[ 6]  S_W[ 7]  S_W[ 8]  S_W[ 9]  S_W[10]  S_W[11]  S_W[12]  S_W[13]  S_W[14]  S_W[15]  S_W[16]  S_W[17]  S_W[18]  S_W[19]  SIGMA_NU D_EN    D_X2 /NDF WX2/k1 WX2/k2 WX2/k3 WX2/k4 WX2/k5 WX2/k6 WX2/k7 WX2/k8 WX2/k9 WX2/k10 WX2/k11 WX2/k12 WX2/k13 WX2/k14 WX2/k15 WX2/k16 WX2/k17 WX2/k18 WX2/k19 GAMMA3 LOGOC3  LOGOCF  SYMS NU T_EN   MT_EB     T_X2   NDF  T_EN 2   MT_E2B   T_X2 2 NDF  EVAB    EVB     EVDENCE EVAB2   FUDGE1  FUDGE2  
20 17       17       17       17       17       17       17       17       17       17       17       17       17       17       17       17       17       17       17       0.3      32.55   723.3 11413 0.1855 0.5573 0.3623 0.1869 0.2443 0.8312 0.3977 0.2167 0.6727 0.3024 0.2293 0.6332 0.1315 0.3953 0.5728 0.2211 1.89   0.2376 0.1261 335.7  275.9   -1430   648  0  32.551   2737     723.3  11413 32.551   2737     723.3  11413 1510.7  1459.5  1454.5  1786.6  0.0054991 2291.3  
20 2.301    2.301    2.301    2.301    2.301    2.301    2.301    2.301    2.301    2.301    2.301    2.301    2.301    2.301    2.301    2.301    2.442    2.301    2.301    0.3      32.55   723.3 11413 10.13  30.43  19.78  10.21  13.34  45.38  21.71  11.83  36.73  16.51  12.52  34.57  7.18   21.58  31.27  12.07  91.63  12.97  6.883  255.2  119.5   -668.8  1    0  32.55    2773.4   723.3  11413 32.55    2773.4   723.3  11413 2234.2  2185.6  2180.6  2353.7  0.0048641 1915.2  
20 0.91     1.463    1.243    1.051    1.067    1.848    1.254    0.921    1.62     1.069    1.003    1.671    0.7585   1.375    1.724    1.136    2.614    1.134    0.6413   0.076384 32.55   1.116e+04 11413 64.74  75.23  67.8   48.88  62     70.31  73.12  73.83  74.06  76.44  65.83  65.52  66.06  60.38  55.69  49.56  79.95  53.37  88.6   293.7  335.1   -425.7  1    0  32.55    13265    1.116e+04 11413 32.55    13265    1.116e+04 11413 12790   12740   12735   13125   0.0030021 12530   
20 0.8634   1.371    1.142    0.9336   0.9751   1.685    1.18     0.89     1.51     1.029    0.9498   1.497    0.7458   1.228    1.475    1.032    2.459    1.038    0.6485   0.076515 19.32   6599  11413 65.06  61.77  63.47  53.97  78.94  472.6  162.2  67.69  49.02  41.54  77.98  61.44  39.34  229.8  50.05  78.64  100    526.9  221.5  360.6  335.1   -397.8  1    0  19.317   15460    6599   11413 19.317   15460    6599   11413 14954   14902   14897   15289   0.0018775 8283.2  
20 0.718    1.083    0.9248   0.7392   0.8907   3.713    1.517    0.7477   1.061    0.6668   0.8664   1.182    0.4834   1.929    1.06     0.987    2.464    2.567    1.015    0.059123 16.35   9356  11413 155.5  89.54  106.9  104.5  53.35  523.5  152.4  209.6  102.5  95.17  229.4  151.9  106.3  217.6  71.44  99.83  111    392    190.4  362.6  335.1   -394.2  1    0  16.352   17069    9356   11413 16.352   17069    9356   11413 16457   16405   16400   16792   0.0015438 11049   
20 0.9232   1.03     0.9737   0.8223   0.667    8.578    1.88     1.108    1.079    0.6568   1.35     1.468    0.5238   2.882    0.9239   1.077    2.599    5.154    1.451    0.054401 15.62   1.056e+04 11413 145.6  108.4  202.2  102.3  107.9  156.3  80.94  171.2  127.1  76.51  120.5  70.02  120.5  133.7  123.1  175.5  100.6  171.7  80.83  366.2  335.1   -468.9  1    0  15.622   17438    1.056e+04 11413 15.622   17438    1.056e+04 11413 16810   16758   16753   17146   0.0014637 12268   
20 1.137    1.078    1.407    0.8915   0.7184   10.77    1.696    1.463    1.222    0.5792   1.512    1.232    0.5986   3.347    1.046    1.532    2.61     6.793    1.36     0.053182 15.62   1.105e+04 11413 95.95  99.04  96.83  86.99  93.03  99.15  99.4   98.22  99.09  98.36  96.14  99.39  92.26  99.1   96.05  86.76  99.77  98.86  91.96  369    335.1   -510.6  1    0  15.622   17459    1.105e+04 11413 15.622   17459    1.105e+04 11413 16837   16785   16780   17173   0.0014602 12770   
20 1.129    1.077    1.395    0.8823   0.7144   10.75    1.697    1.457    1.22     0.5804   1.506    1.234    0.5939   3.343    1.041    1.495    2.609    6.778    1.366    0.053188 15.62   1.104e+04 11413 97.35  99.15  98.48  88.81  94.08  99.44  99.28  98.98  99.31  97.97  96.87  99.17  93.74  99.35  96.9   91.02  99.78  99.3   91.25  368.8  335.1   -509.1  1    0  15.622   17459    1.104e+04 11413 15.622   17459    1.104e+04 11413 16837   16785   16780   17173   0.0014602 12767   
20 1.129    1.077    1.395    0.8832   0.7146   10.75    1.697    1.457    1.22     0.5804   1.506    1.234    0.5941   3.343    1.041    1.497    2.609    6.778    1.365    0.053188 15.62   1.104e+04 11413 97.31  99.14  98.45  88.63  94.02  99.44  99.29  98.98  99.3   97.98  96.85  99.17  93.66  99.34  96.87  90.79  99.78  99.3   91.28  368.8  335.1   -509.2  1    0  15.622   17459    1.104e+04 11413 15.622   17459    1.104e+04 11413 16837   16785   16780   17173   0.0014602 12767   

