#H S_W[ 1]  S_W[ 2]  S_W[ 3]  S_W[ 4]  S_W[ 5]  S_W[ 6]  S_W[ 7]  S_W[ 8]  S_W[ 9]  S_W[10]  S_W[11]  S_W[12]  S_W[13]  S_W[14]  S_W[15]  S_W[16]  S_W[17]  S_W[18]  S_W[19]  SIGMA_NU D_EN    D_X2 /NDF WX2/k1 WX2/k2 WX2/k3 WX2/k4 WX2/k5 WX2/k6 WX2/k7 WX2/k8 WX2/k9 WX2/k10 WX2/k11 WX2/k12 WX2/k13 WX2/k14 WX2/k15 WX2/k16 WX2/k17 WX2/k18 WX2/k19 GAMMA3 LOGOC3  LOGOCF  SYMS NU T_EN   MT_EB     T_X2   NDF  T_EN 2   MT_E2B   T_X2 2 NDF  EVAB    EVB     EVDENCE EVAB2   FUDGE1  FUDGE2  
20 17       17       17       17       17       17       17       17       17       17       17       17       17       17       17       17       17       17       17       0.3      25.21   560.3 11413 0.5583 0.691  0.5565 0.6278 0.4946 4.767  0.6015 0.5871 0.8396 0.4163 0.3661 0.6155 0.2631 0.2298 0.508  0.4882 2.14   1.77   0.2986 353.6  157.8   -1430   1    0  25.214   2808.8   560.3  11413 25.214   2808.8   560.3  11413 1597.9  1546.1  1541.1  1755.7  0.0049977 2212.1  
20 2.301    2.301    2.301    2.301    2.301    3.822    2.301    2.301    2.301    2.301    2.301    2.301    2.301    2.301    2.301    2.301    2.54     2.405    2.301    0.3      25.21   560.3 11413 30.48  37.73  30.39  34.28  27.01  94.28  32.84  32.06  45.84  22.73  19.99  33.6   14.37  12.55  27.74  26.66  95.87  88.41  16.3   287.4  53.54   -680.6  1    0  25.213   2838.9   560.3  11413 25.213   2838.9   560.3  11413 2276.2  2226.4  2221.4  2329.7  0.0044754 1902.7  
20 1.495    1.539    1.466    1.797    1.444    3.975    1.425    1.453    1.683    1.183    1.176    1.558    0.9994   0.998    1.413    1.537    2.655    2.887    1.058    0.067323 19.14   8448  11413 83.88  111.3  144.7  61.37  41.93  277.1  261.3  118.1  81.43  34.04  106.1  76.23  53.95  130.6  112.7  50.2   118.7  273.8  128.7  353.8  335.1   -518.9  1    0  19.145   16028    8448   11413 19.145   16028    8448   11413 15393   15342   15337   15729   0.001818 10101   
20 1.398    1.638    1.797    1.485    0.9575   6.667    2.353    1.6      1.527    0.695    1.277    1.437    0.7954   1.244    1.566    1.211    2.903    4.909    1.304    0.058841 15.53   8972  11413 133    140.2  97.02  130.4  132.9  444.8  91.41  191.1  99.56  109.3  136.1  127.2  72.3   109.6  131.1  148.7  113.9  285.3  63.84  362.9  335.1   -534.5  1    0  15.531   17312    8972   11413 15.531   17312    8972   11413 16604   16552   16547   16939   0.0014709 10667   
20 1.642    1.949    1.786    1.783    1.144    14.1     2.262    2.235    1.531    0.7377   1.52     1.628    0.706    1.367    1.872    1.62     3.103    8.348    1.099    0.053019 14.67   1.044e+04 11413 99.45  113.1  63.4   104.2  78.31  185.9  101.3  114.2  112.7  77.84  61.52  102.8  157.3  24.38  141.3  103    108.1  159.6  81.08  370    335.1   -593.7  1    0  14.673   17789    1.044e+04 11413 14.673   17789    1.044e+04 11413 17077   17025   17020   17412   0.0013767 12168   
20 1.654    2.079    1.432    1.87     1.035    19.25    2.286    2.402    1.632    0.6575   1.2      1.657    0.9082   0.6903   2.288    1.737    3.23     10.57    1.033    0.051549 14.37   1.082e+04 11413 153.6  111.9  134    103.1  94.26  140.7  128.4  103.3  118.9  118.7  106    100.3  99.44  78.58  93.7   117    101.5  135.7  64.88  370.6  335.1   -593.1  1    0  14.373   17926    1.082e+04 11413 14.373   17926    1.082e+04 11413 17198   17145   17140   17533   0.0013457 12549   
20 2.072    2.205    1.678    1.947    1.032    22.85    2.602    2.453    1.786    0.726    1.249    1.665    0.9195   0.6443   2.247    1.941    3.258    12.33    0.8594   0.051022 14.37   1.104e+04 11413 97.83  99.47  97.67  95.1   94.86  99.85  99.08  99.09  99.3   97.36  97.86  99.32  97     90.19  97.16  93.72  99.78  99.72  93.74  371.1  335.1   -614    1    0  14.373   17934    1.104e+04 11413 14.373   17934    1.104e+04 11413 17207   17155   17150   17542   0.001344 12776   
20 2.064    2.204    1.672    1.943    1.032    22.84    2.599    2.452    1.785    0.7242   1.248    1.665    0.9189   0.6476   2.246    1.932    3.258    12.33    0.8626   0.051024 14.37   1.104e+04 11413 98.63  99.53  98.31  95.53  94.92  99.89  99.3   99.14  99.43  97.85  98.05  99.33  97.14  89.28  97.21  94.6   99.79  99.8   93.04  371.1  335.1   -613.7  1    0  14.373   17934    1.104e+04 11413 14.373   17934    1.104e+04 11413 17207   17155   17150   17542   0.001344 12775   
20 2.064    2.204    1.672    1.943    1.032    22.84    2.599    2.452    1.785    0.7242   1.248    1.665    0.9189   0.6473   2.247    1.933    3.258    12.33    0.8625   0.051024 14.37   1.104e+04 11413 98.62  99.53  98.3   95.51  94.92  99.89  99.3   99.14  99.42  97.84  98.05  99.33  97.14  89.36  97.21  94.57  99.79  99.8   93.06  371.1  335.1   -613.7  1    0  14.373   17934    1.104e+04 11413 14.373   17934    1.104e+04 11413 17207   17155   17150   17542   0.001344 12775   

