#H S_W[ 1]  S_W[ 2]  S_W[ 3]  S_W[ 4]  S_W[ 5]  S_W[ 6]  S_W[ 7]  S_W[ 8]  S_W[ 9]  S_W[10]  S_W[11]  S_W[12]  S_W[13]  S_W[14]  S_W[15]  S_W[16]  S_W[17]  S_W[18]  S_W[19]  SIGMA_NU D_EN    D_X2 /NDF WX2/k1 WX2/k2 WX2/k3 WX2/k4 WX2/k5 WX2/k6 WX2/k7 WX2/k8 WX2/k9 WX2/k10 WX2/k11 WX2/k12 WX2/k13 WX2/k14 WX2/k15 WX2/k16 WX2/k17 WX2/k18 WX2/k19 GAMMA3 LOGOC3  LOGOCF  SYMS NU T_EN   MT_EB     T_X2   NDF  T_EN 2   MT_E2B   T_X2 2 NDF  EVAB    EVB     EVDENCE EVAB2   FUDGE1  FUDGE2  
20 17       17       17       17       17       17       17       17       17       17       17       17       17       17       17       17       17       17       17       0.3      24.16   536.9 11413 0.3047 0.304  0.467  0.3495 0.4758 2.288  0.4097 0.3248 0.5586 0.2602 0.3395 0.4205 0.1193 0.2323 0.5916 0.3388 1.794  1.395  0.1619 372.4  44.72   -1430   4    0  24.162   2811.2   536.9  11413 24.162   2811.2   536.9  11413 1608.7  1556.5  1551.5  1653.5  0.0050534 2276.3  
20 2.301    2.301    2.301    2.301    2.301    2.584    2.301    2.301    2.301    2.301    2.301    2.301    2.301    2.301    2.301    2.301    2.301    2.301    2.301    0.3      24.16   536.9 11413 16.63  16.6   25.5   19.08  25.98  98.99  22.37  17.73  30.5   14.21  18.54  22.96  6.516  12.68  32.3   18.5   97.96  76.15  8.841  305.3  335.1   -669.9  1    0  24.162   2841.8   536.9  11413 24.162   2841.8   536.9  11413 2312.7  2262.4  2257.4  2647.8  0.0045247 1963.2  
20 1.061    0.9985   1.305    1.29     1.362    2.781    1.161    1.046    1.354    0.9191   1.111    1.185    0.6697   0.9649   1.506    1.234    2.386    2.474    0.707    0.065958 24.16   1.111e+04 11413 78.22  88.13  79.21  60.74  74.09  85.48  87.91  85.87  88.05  89.03  79.48  86.51  76.89  72.1   75.34  64.31  91.06  65.88  93.63  347    335.1   -434    1    0  24.161   14966    1.111e+04 11413 24.161   14966    1.111e+04 11413 14457   14405   14400   14792   0.0022492 12728   
20 0.9883   0.9645   1.202    1.115    1.228    2.589    1.122    1.001    1.293    0.8933   1.054    1.129    0.6587   0.9002   1.378    1.11     2.285    2.067    0.7072   0.066081 18.62   8529  11413 52.05  153.9  76.64  138.9  72.99  118.4  133.6  105.4  53.21  122.9  132.1  92.04  66.32  184.9  45.73  79     91.86  118.9  250.3  364.4  335.1   -408.7  1    0  18.623   16195    8529   11413 18.623   16195    8529   11413 15693   15640   15635   16028   0.0017711 10232   
20 0.7255   1.207    1.066    1.388    1.065    2.825    1.305    1.04     0.9464   1.001    1.23     1.096    0.5678   1.273    0.9628   1.061    2.193    2.297    1.16     0.058061 17.38   1.031e+04 11413 140.3  93.73  142.4  117.7  94.07  130.1  101.7  64.88  109.1  65.77  43.4   73.82  102.1  123.4  112.3  75     93.2   138.7  191.7  369.7  335.1   -417.8  1    0  17.378   16808    1.031e+04 11413 17.378   16808    1.031e+04 11413 16278   16226   16221   16613   0.0016318 12037   
20 0.8753   1.173    1.285    1.548    1.047    3.23     1.32     0.8424   0.9924   0.8157   0.8147   0.9462   0.5967   1.433    1.038    0.9558   2.119    2.732    1.721    0.0561   16.98   1.079e+04 11413 137.2  127.9  217.3  93.95  79.47  146.5  111.1  139.6  122.6  124.8  123.7  132.4  141.9  131    123.6  120.7  101.2  158.1  110.8  369.2  335.1   -424.7  1    0  16.978   16969    1.079e+04 11413 16.978   16969    1.079e+04 11413 16381   16328   16323   16716   0.0015894 12514   
20 1.041    1.332    1.913    1.534    0.9455   3.923    1.395    1.004    1.104    0.918    0.9189   1.098    0.7334   1.653    1.179    1.094    2.134    3.463    1.954    0.05545  16.98   1.104e+04 11413 96.99  99.06  97.99  95.65  97.37  99.33  99.4   98.19  99.11  98.57  97.22  98.34  93.91  98.44  95.76  92.21  99.8   98.35  85.91  371    335.1   -474.6  1    0  16.978   16978    1.104e+04 11413 16.978   16978    1.104e+04 11413 16397   16345   16340   16732   0.0015876 12777   
20 1.036    1.331    1.903    1.535    0.9481   3.92     1.395    1.002    1.103    0.9169   0.9161   1.096    0.727    1.65     1.174    1.085    2.134    3.453    1.946    0.055454 16.98   1.104e+04 11413 97.85  99.25  99.05  95.54  96.83  99.48  99.46  98.7   99.27  98.8   97.79  98.76  95.57  98.82  96.54  93.7   99.79  98.91  86.67  371    335.1   -473.6  1    0  16.978   16978    1.104e+04 11413 16.978   16978    1.104e+04 11413 16397   16345   16340   16732   0.0015876 12775   
20 1.036    1.331    1.903    1.535    0.948    3.92     1.395    1.002    1.103    0.9169   0.9162   1.096    0.7273   1.65     1.174    1.085    2.134    3.453    1.946    0.055454 16.98   1.104e+04 11413 97.83  99.25  99.04  95.55  96.85  99.48  99.46  98.7   99.27  98.8   97.78  98.75  95.51  98.82  96.52  93.62  99.79  98.91  86.64  371    335.1   -473.7  1    0  16.978   16978    1.104e+04 11413 16.978   16978    1.104e+04 11413 16397   16345   16340   16732   0.0015876 12775   

