C(%) Mn(%) Si(%) S(%) P(%) Ti(ppm) B(ppm) Al(ppm) N(ppm) O(ppm) Cr(%) Ni(%) Mo(%) V(ppm) Cu(%) Nb(ppm) Temp Predicted Pred-err Pred+err
0.0702000 1.4708000 0.3776000 0.0066000 0.0085000 250 5 300 55 368.5098877 0.0300000 0.0300000 0.0050000 5.0000000 0.0300000 5.0000000 -120.0 0.540397 -21.578564 22.659615
0.0702000 1.4708000 0.3776000 0.0066000 0.0085000 250 5 300 55 368.5098877 0.0300000 0.0300000 0.0050000 5.0000000 0.0300000 5.0000000 -115.0 2.237778 -21.035568 25.511124
0.0702000 1.4708000 0.3776000 0.0066000 0.0085000 250 5 300 55 368.5098877 0.0300000 0.0300000 0.0050000 5.0000000 0.0300000 5.0000000 -110.0 4.328556 -20.227747 28.884846
0.0702000 1.4708000 0.3776000 0.0066000 0.0085000 250 5 300 55 368.5098877 0.0300000 0.0300000 0.0050000 5.0000000 0.0300000 5.0000000 -105.0 6.996989 -18.622862 32.616592
0.0702000 1.4708000 0.3776000 0.0066000 0.0085000 250 5 300 55 368.5098877 0.0300000 0.0300000 0.0050000 5.0000000 0.0300000 5.0000000 -100.0 10.467509 -15.804573 36.739586
0.0702000 1.4708000 0.3776000 0.0066000 0.0085000 250 5 300 55 368.5098877 0.0300000 0.0300000 0.0050000 5.0000000 0.0300000 5.0000000 -95.0 15.001577 -11.466716 41.469872
0.0702000 1.4708000 0.3776000 0.0066000 0.0085000 250 5 300 55 368.5098877 0.0300000 0.0300000 0.0050000 5.0000000 0.0300000 5.0000000 -90.0 20.885513 -5.392060 47.163090
0.0702000 1.4708000 0.3776000 0.0066000 0.0085000 250 5 300 55 368.5098877 0.0300000 0.0300000 0.0050000 5.0000000 0.0300000 5.0000000 -85.0 28.404217 2.559477 54.248962
0.0702000 1.4708000 0.3776000 0.0066000 0.0085000 250 5 300 55 368.5098877 0.0300000 0.0300000 0.0050000 5.0000000 0.0300000 5.0000000 -80.0 37.791424 12.438782 63.144062
0.0702000 1.4708000 0.3776000 0.0066000 0.0085000 250 5 300 55 368.5098877 0.0300000 0.0300000 0.0050000 5.0000000 0.0300000 5.0000000 -75.0 49.152290 24.161732 74.142845
0.0702000 1.4708000 0.3776000 0.0066000 0.0085000 250 5 300 55 368.5098877 0.0300000 0.0300000 0.0050000 5.0000000 0.0300000 5.0000000 -70.0 62.375675 37.465187 87.286407
0.0702000 1.4708000 0.3776000 0.0066000 0.0085000 250 5 300 55 368.5098877 0.0300000 0.0300000 0.0050000 5.0000000 0.0300000 5.0000000 -65.0 77.083260 51.912258 102.254265
0.0702000 1.4708000 0.3776000 0.0066000 0.0085000 250 5 300 55 368.5098877 0.0300000 0.0300000 0.0050000 5.0000000 0.0300000 5.0000000 -60.0 92.655785 66.943443 118.368118
0.0702000 1.4708000 0.3776000 0.0066000 0.0085000 250 5 300 55 368.5098877 0.0300000 0.0300000 0.0050000 5.0000000 0.0300000 5.0000000 -55.0 108.343262 81.923012 134.763519
0.0702000 1.4708000 0.3776000 0.0066000 0.0085000 250 5 300 55 368.5098877 0.0300000 0.0300000 0.0050000 5.0000000 0.0300000 5.0000000 -50.0 123.407196 96.178886 150.635269
0.0702000 1.4708000 0.3776000 0.0066000 0.0085000 250 5 300 55 368.5098877 0.0300000 0.0300000 0.0050000 5.0000000 0.0300000 5.0000000 -45.0 137.244095 109.071259 165.416946
0.0702000 1.4708000 0.3776000 0.0066000 0.0085000 250 5 300 55 368.5098877 0.0300000 0.0300000 0.0050000 5.0000000 0.0300000 5.0000000 -40.0 149.457474 120.090355 178.824371
0.0702000 1.4708000 0.3776000 0.0066000 0.0085000 250 5 300 55 368.5098877 0.0300000 0.0300000 0.0050000 5.0000000 0.0300000 5.0000000 -35.0 159.866165 128.937653 190.794434
0.0702000 1.4708000 0.3776000 0.0066000 0.0085000 250 5 300 55 368.5098877 0.0300000 0.0300000 0.0050000 5.0000000 0.0300000 5.0000000 -30.0 168.466583 135.547684 201.385254
0.0702000 1.4708000 0.3776000 0.0066000 0.0085000 250 5 300 55 368.5098877 0.0300000 0.0300000 0.0050000 5.0000000 0.0300000 5.0000000 -25.0 175.373199 140.055222 210.691193
0.0702000 1.4708000 0.3776000 0.0066000 0.0085000 250 5 300 55 368.5098877 0.0300000 0.0300000 0.0050000 5.0000000 0.0300000 5.0000000 -20.0 180.766251 142.745407 218.786835
0.0702000 1.4708000 0.3776000 0.0066000 0.0085000 250 5 300 55 368.5098877 0.0300000 0.0300000 0.0050000 5.0000000 0.0300000 5.0000000 -15.0 184.856964 144.007797 225.705887
0.0702000 1.4708000 0.3776000 0.0066000 0.0085000 250 5 300 55 368.5098877 0.0300000 0.0300000 0.0050000 5.0000000 0.0300000 5.0000000 -10.0 187.873138 144.289581 231.456940
0.0702000 1.4708000 0.3776000 0.0066000 0.0085000 250 5 300 55 368.5098877 0.0300000 0.0300000 0.0050000 5.0000000 0.0300000 5.0000000 -5.0 190.055695 144.042938 236.068207
0.0702000 1.4708000 0.3776000 0.0066000 0.0085000 250 5 300 55 368.5098877 0.0300000 0.0300000 0.0050000 5.0000000 0.0300000 5.0000000 0.0 191.651016 143.672958 239.628830
0.0702000 1.4708000 0.3776000 0.0066000 0.0085000 250 5 300 55 368.5098877 0.0300000 0.0300000 0.0050000 5.0000000 0.0300000 5.0000000 5.0 192.900040 143.495621 242.304443
0.0702000 1.4708000 0.3776000 0.0066000 0.0085000 250 5 300 55 368.5098877 0.0300000 0.0300000 0.0050000 5.0000000 0.0300000 5.0000000 10.0 194.016647 143.718613 244.314423
0.0702000 1.4708000 0.3776000 0.0066000 0.0085000 250 5 300 55 368.5098877 0.0300000 0.0300000 0.0050000 5.0000000 0.0300000 5.0000000 15.0 195.162888 144.433945 245.891830
0.0702000 1.4708000 0.3776000 0.0066000 0.0085000 250 5 300 55 368.5098877 0.0300000 0.0300000 0.0050000 5.0000000 0.0300000 5.0000000 20.0 196.433411 145.627029 247.239777
0.0702000 1.4708000 0.3776000 0.0066000 0.0085000 250 5 300 55 368.5098877 0.0300000 0.0300000 0.0050000 5.0000000 0.0300000 5.0000000 25.0 197.852585 147.195099 248.509842
0.0702000 1.4708000 0.3776000 0.0066000 0.0085000 250 5 300 55 368.5098877 0.0300000 0.0300000 0.0050000 5.0000000 0.0300000 5.0000000 30.0 199.388641 148.980911 249.796371
0.0702000 1.4708000 0.3776000 0.0066000 0.0085000 250 5 300 55 368.5098877 0.0300000 0.0300000 0.0050000 5.0000000 0.0300000 5.0000000 35.0 200.974411 150.807114 251.141693
0.0702000 1.4708000 0.3776000 0.0066000 0.0085000 250 5 300 55 368.5098877 0.0300000 0.0300000 0.0050000 5.0000000 0.0300000 5.0000000 40.0 202.526947 152.509979 252.543915
