C(%) Mn(%) Si(%) S(%) P(%) Ti(ppm) B(ppm) Al(ppm) N(ppm) O(ppm) Cr(%) Ni(%) Mo(%) V(ppm) Cu(%) Nb(ppm) Temp Predicted Pred-err Pred+err
0.0702000 1.4708000 0.3776000 0.0066000 0.0085000 28 5 20 200 368.5098877 0.0300000 0.0300000 0.0050000 5.0000000 0.0300000 5.0000000 -120.0 15.981476 -14.014454 45.977413
0.0702000 1.4708000 0.3776000 0.0066000 0.0085000 28 5 20 200 368.5098877 0.0300000 0.0300000 0.0050000 5.0000000 0.0300000 5.0000000 -115.0 15.135414 -14.249149 44.519989
0.0702000 1.4708000 0.3776000 0.0066000 0.0085000 28 5 20 200 368.5098877 0.0300000 0.0300000 0.0050000 5.0000000 0.0300000 5.0000000 -110.0 14.204035 -14.432474 42.840294
0.0702000 1.4708000 0.3776000 0.0066000 0.0085000 28 5 20 200 368.5098877 0.0300000 0.0300000 0.0050000 5.0000000 0.0300000 5.0000000 -105.0 13.342680 -14.478117 41.163471
0.0702000 1.4708000 0.3776000 0.0066000 0.0085000 28 5 20 200 368.5098877 0.0300000 0.0300000 0.0050000 5.0000000 0.0300000 5.0000000 -100.0 12.741356 -14.291458 39.773930
0.0702000 1.4708000 0.3776000 0.0066000 0.0085000 28 5 20 200 368.5098877 0.0300000 0.0300000 0.0050000 5.0000000 0.0300000 5.0000000 -95.0 12.618026 -13.765656 39.001713
0.0702000 1.4708000 0.3776000 0.0066000 0.0085000 28 5 20 200 368.5098877 0.0300000 0.0300000 0.0050000 5.0000000 0.0300000 5.0000000 -90.0 13.214093 -12.762815 39.191002
0.0702000 1.4708000 0.3776000 0.0066000 0.0085000 28 5 20 200 368.5098877 0.0300000 0.0300000 0.0050000 5.0000000 0.0300000 5.0000000 -85.0 14.780978 -11.084324 40.646275
0.0702000 1.4708000 0.3776000 0.0066000 0.0085000 28 5 20 200 368.5098877 0.0300000 0.0300000 0.0050000 5.0000000 0.0300000 5.0000000 -80.0 17.558640 -8.457951 43.575222
0.0702000 1.4708000 0.3776000 0.0066000 0.0085000 28 5 20 200 368.5098877 0.0300000 0.0300000 0.0050000 5.0000000 0.0300000 5.0000000 -75.0 21.749739 -4.567502 48.067230
0.0702000 1.4708000 0.3776000 0.0066000 0.0085000 28 5 20 200 368.5098877 0.0300000 0.0300000 0.0050000 5.0000000 0.0300000 5.0000000 -70.0 27.503906 0.883372 54.124199
0.0702000 1.4708000 0.3776000 0.0066000 0.0085000 28 5 20 200 368.5098877 0.0300000 0.0300000 0.0050000 5.0000000 0.0300000 5.0000000 -65.0 34.899998 8.099015 61.700981
0.0702000 1.4708000 0.3776000 0.0066000 0.0085000 28 5 20 200 368.5098877 0.0300000 0.0300000 0.0050000 5.0000000 0.0300000 5.0000000 -60.0 43.925831 17.130348 70.721077
0.0702000 1.4708000 0.3776000 0.0066000 0.0085000 28 5 20 200 368.5098877 0.0300000 0.0300000 0.0050000 5.0000000 0.0300000 5.0000000 -55.0 54.442074 27.836113 81.047791
0.0702000 1.4708000 0.3776000 0.0066000 0.0085000 28 5 20 200 368.5098877 0.0300000 0.0300000 0.0050000 5.0000000 0.0300000 5.0000000 -50.0 66.149010 39.865227 92.432793
0.0702000 1.4708000 0.3776000 0.0066000 0.0085000 28 5 20 200 368.5098877 0.0300000 0.0300000 0.0050000 5.0000000 0.0300000 5.0000000 -45.0 78.585136 52.683750 104.486519
0.0702000 1.4708000 0.3776000 0.0066000 0.0085000 28 5 20 200 368.5098877 0.0300000 0.0300000 0.0050000 5.0000000 0.0300000 5.0000000 -40.0 91.190231 65.661690 116.719017
0.0702000 1.4708000 0.3776000 0.0066000 0.0085000 28 5 20 200 368.5098877 0.0300000 0.0300000 0.0050000 5.0000000 0.0300000 5.0000000 -35.0 103.422256 78.193413 128.651337
0.0702000 1.4708000 0.3776000 0.0066000 0.0085000 28 5 20 200 368.5098877 0.0300000 0.0300000 0.0050000 5.0000000 0.0300000 5.0000000 -30.0 114.862946 89.799973 139.926163
0.0702000 1.4708000 0.3776000 0.0066000 0.0085000 28 5 20 200 368.5098877 0.0300000 0.0300000 0.0050000 5.0000000 0.0300000 5.0000000 -25.0 125.263031 100.195274 150.330780
0.0702000 1.4708000 0.3776000 0.0066000 0.0085000 28 5 20 200 368.5098877 0.0300000 0.0300000 0.0050000 5.0000000 0.0300000 5.0000000 -20.0 134.530014 109.312408 159.747620
0.0702000 1.4708000 0.3776000 0.0066000 0.0085000 28 5 20 200 368.5098877 0.0300000 0.0300000 0.0050000 5.0000000 0.0300000 5.0000000 -15.0 142.691620 117.281868 168.101395
0.0702000 1.4708000 0.3776000 0.0066000 0.0085000 28 5 20 200 368.5098877 0.0300000 0.0300000 0.0050000 5.0000000 0.0300000 5.0000000 -10.0 149.855896 124.365349 175.346680
0.0702000 1.4708000 0.3776000 0.0066000 0.0085000 28 5 20 200 368.5098877 0.0300000 0.0300000 0.0050000 5.0000000 0.0300000 5.0000000 -5.0 156.176483 130.879059 181.473679
0.0702000 1.4708000 0.3776000 0.0066000 0.0085000 28 5 20 200 368.5098877 0.0300000 0.0300000 0.0050000 5.0000000 0.0300000 5.0000000 0.0 161.818085 137.124130 186.512283
0.0702000 1.4708000 0.3776000 0.0066000 0.0085000 28 5 20 200 368.5098877 0.0300000 0.0300000 0.0050000 5.0000000 0.0300000 5.0000000 5.0 166.925507 143.322586 190.528671
0.0702000 1.4708000 0.3776000 0.0066000 0.0085000 28 5 20 200 368.5098877 0.0300000 0.0300000 0.0050000 5.0000000 0.0300000 5.0000000 10.0 171.590317 149.554749 193.626114
0.0702000 1.4708000 0.3776000 0.0066000 0.0085000 28 5 20 200 368.5098877 0.0300000 0.0300000 0.0050000 5.0000000 0.0300000 5.0000000 15.0 175.834244 155.721436 195.947281
0.0702000 1.4708000 0.3776000 0.0066000 0.0085000 28 5 20 200 368.5098877 0.0300000 0.0300000 0.0050000 5.0000000 0.0300000 5.0000000 20.0 179.618088 161.566422 197.669754
0.0702000 1.4708000 0.3776000 0.0066000 0.0085000 28 5 20 200 368.5098877 0.0300000 0.0300000 0.0050000 5.0000000 0.0300000 5.0000000 25.0 182.878281 166.769684 198.986877
0.0702000 1.4708000 0.3776000 0.0066000 0.0085000 28 5 20 200 368.5098877 0.0300000 0.0300000 0.0050000 5.0000000 0.0300000 5.0000000 30.0 185.571579 171.061646 200.081497
0.0702000 1.4708000 0.3776000 0.0066000 0.0085000 28 5 20 200 368.5098877 0.0300000 0.0300000 0.0050000 5.0000000 0.0300000 5.0000000 35.0 187.698441 174.296265 201.100601
0.0702000 1.4708000 0.3776000 0.0066000 0.0085000 28 5 20 200 368.5098877 0.0300000 0.0300000 0.0050000 5.0000000 0.0300000 5.0000000 40.0 189.300690 176.462570 202.138824
